Edges in the graph (u, v, w):
(0, 31, 18)
(0, 5, 28)
(0, 26, 26)
(0, 9, 8)
(0, 71, 34)
(0, 93, 32)
(0, 14, 33)
(0, 19, 33)
(0, 47, 30)
(0, 41, 31)
(0, 68, 45)
(0, 95, 40)
(0, 34, 44)
(0, 22, 9)
(0, 48, 14)
(0, 67, 8)
(0, 35, 27)
(0, 81, 16)
(0, 80, 15)
(0, 77, 21)
(0, 25, 46)
(0, 7, 7)
(0, 87, 12)
(0, 99, 44)
(0, 13, 18)
(0, 39, 48)
(0, 46, 19)
(0, 69, 17)
(0, 75, 45)
(0, 89, 34)
(0, 44, 49)
(0, 62, 41)
(0, 32, 21)
(0, 42, 18)
(0, 60, 42)
(0, 8, 22)
(0, 12, 50)
(0, 20, 7)
(0, 3, 40)
(0, 84, 41)
(0, 90, 30)
(0, 79, 30)
(0, 17, 4)
(0, 54, 45)
(0, 65, 5)
(0, 66, 27)
(0, 97, 30)
(0, 70, 30)
(0, 1, 27)
(0, 36, 49)
(0, 2, 3)
(0, 49, 33)
(0, 40, 43)
(0, 52, 27)
(0, 51, 33)
(0, 63, 7)
(0, 59, 2)
(0, 6, 15)
(0, 85, 21)
(0, 27, 15)
(0, 53, 38)
(0, 50, 5)
(0, 78, 48)
(0, 18, 6)
(0, 82, 34)
(0, 56, 8)
(0, 96, 47)
(0, 86, 28)
(0, 15, 6)
(0, 38, 2)
(0, 83, 27)
(0, 76, 43)
(0, 10, 21)
(0, 28, 38)
(0, 45, 41)
(0, 94, 36)
(0, 23, 34)
(0, 74, 10)
(0, 91, 16)
(0, 43, 24)
(0, 88, 34)
(0, 58, 21)
(0, 33, 46)
(0, 11, 23)
(0, 21, 10)
(0, 98, 14)
(0, 30, 13)
(0, 64, 24)
(0, 72, 30)
(0, 4, 34)
(0, 61, 7)
(0, 37, 26)
(0, 29, 37)
(0, 73, 44)
(0, 57, 49)
(0, 92, 37)
(0, 55, 49)
(0, 24, 47)
(0, 16, 43)
(1, 31, 1)
(1, 37, 42)
(1, 78, 42)
(1, 12, 7)
(1, 77, 41)
(1, 39, 50)
(1, 86, 29)
(1, 82, 22)
(1, 65, 16)
(1, 18, 24)
(1, 2, 29)
(1, 96, 29)
(1, 28, 50)
(1, 50, 45)
(1, 42, 35)
(1, 94, 46)
(1, 13, 4)
(1, 63, 47)
(1, 27, 50)
(1, 64, 4)
(1, 79, 15)
(1, 5, 23)
(1, 60, 44)
(1, 46, 1)
(1, 44, 5)
(1, 24, 31)
(1, 49, 14)
(1, 61, 21)
(1, 3, 49)
(1, 43, 36)
(1, 57, 32)
(1, 91, 17)
(1, 59, 23)
(1, 93, 13)
(1, 36, 36)
(1, 90, 11)
(1, 33, 4)
(1, 81, 35)
(1, 7, 36)
(1, 88, 12)
(1, 85, 28)
(1, 54, 43)
(1, 58, 5)
(1, 95, 25)
(1, 87, 48)
(1, 62, 7)
(1, 19, 2)
(1, 40, 25)
(1, 69, 28)
(1, 45, 5)
(1, 23, 11)
(1, 29, 30)
(1, 25, 39)
(1, 30, 28)
(1, 92, 19)
(1, 35, 29)
(1, 14, 16)
(1, 89, 32)
(1, 72, 16)
(1, 38, 38)
(1, 52, 50)
(1, 22, 44)
(1, 99, 41)
(1, 56, 29)
(1, 16, 49)
(1, 47, 6)
(1, 17, 28)
(1, 48, 36)
(1, 67, 50)
(1, 71, 19)
(1, 8, 5)
(1, 9, 25)
(1, 84, 44)
(1, 21, 39)
(1, 55, 36)
(1, 73, 23)
(1, 10, 1)
(1, 66, 46)
(1, 34, 19)
(1, 76, 48)
(1, 98, 47)
(1, 70, 40)
(1, 26, 27)
(1, 32, 43)
(1, 68, 3)
(1, 4, 13)
(1, 41, 13)
(1, 80, 14)
(1, 74, 41)
(1, 53, 7)
(1, 83, 33)
(1, 20, 3)
(1, 51, 46)
(1, 11, 49)
(1, 97, 39)
(1, 75, 46)
(1, 6, 8)
(1, 15, 38)
(2, 44, 2)
(2, 74, 16)
(2, 4, 3)
(2, 98, 27)
(2, 37, 31)
(2, 41, 19)
(2, 26, 29)
(2, 39, 23)
(2, 81, 4)
(2, 99, 29)
(2, 63, 12)
(2, 62, 26)
(2, 12, 48)
(2, 6, 50)
(2, 16, 45)
(2, 13, 2)
(2, 72, 25)
(2, 23, 41)
(2, 5, 40)
(2, 31, 46)
(2, 15, 31)
(2, 97, 26)
(2, 88, 30)
(2, 60, 14)
(2, 24, 19)
(2, 96, 1)
(2, 32, 14)
(2, 56, 16)
(2, 93, 50)
(2, 95, 5)
(2, 30, 50)
(2, 33, 46)
(2, 7, 36)
(2, 77, 45)
(2, 75, 47)
(2, 11, 23)
(2, 92, 41)
(2, 36, 38)
(2, 50, 49)
(2, 76, 39)
(2, 47, 39)
(2, 64, 50)
(2, 18, 44)
(2, 73, 16)
(2, 51, 2)
(2, 17, 29)
(2, 38, 28)
(2, 52, 4)
(2, 84, 33)
(2, 42, 49)
(2, 79, 49)
(2, 48, 31)
(2, 58, 13)
(2, 34, 38)
(2, 35, 21)
(2, 87, 7)
(2, 65, 12)
(2, 91, 41)
(2, 43, 28)
(2, 9, 31)
(2, 46, 27)
(2, 59, 11)
(2, 29, 10)
(2, 45, 46)
(2, 25, 10)
(2, 61, 30)
(2, 66, 42)
(2, 85, 5)
(2, 80, 45)
(2, 67, 18)
(2, 90, 36)
(2, 94, 33)
(2, 69, 9)
(2, 8, 37)
(2, 54, 31)
(2, 40, 25)
(2, 19, 37)
(2, 3, 7)
(2, 27, 6)
(2, 21, 8)
(2, 71, 17)
(2, 89, 15)
(2, 22, 14)
(2, 53, 41)
(2, 78, 24)
(2, 55, 35)
(2, 28, 43)
(2, 86, 14)
(2, 10, 33)
(2, 70, 33)
(2, 68, 20)
(2, 82, 9)
(2, 49, 23)
(2, 83, 31)
(2, 20, 32)
(2, 14, 3)
(2, 57, 6)
(3, 98, 49)
(3, 47, 43)
(3, 10, 21)
(3, 55, 43)
(3, 36, 37)
(3, 40, 1)
(3, 32, 19)
(3, 67, 21)
(3, 33, 32)
(3, 92, 26)
(3, 99, 20)
(3, 63, 3)
(3, 53, 28)
(3, 9, 1)
(3, 46, 14)
(3, 19, 11)
(3, 45, 38)
(3, 14, 41)
(3, 34, 30)
(3, 20, 28)
(3, 86, 16)
(3, 13, 4)
(3, 50, 37)
(3, 82, 17)
(3, 17, 28)
(3, 88, 13)
(3, 4, 50)
(3, 78, 37)
(3, 5, 36)
(3, 90, 36)
(3, 83, 39)
(3, 38, 43)
(3, 8, 16)
(3, 87, 46)
(3, 11, 39)
(3, 68, 20)
(3, 80, 37)
(3, 57, 42)
(3, 26, 38)
(3, 43, 26)
(3, 24, 32)
(3, 41, 24)
(3, 75, 11)
(3, 48, 19)
(3, 72, 22)
(3, 16, 22)
(3, 59, 3)
(3, 61, 1)
(3, 52, 16)
(3, 31, 6)
(3, 27, 17)
(3, 37, 17)
(3, 28, 19)
(3, 44, 21)
(3, 89, 28)
(3, 51, 13)
(3, 49, 18)
(3, 29, 6)
(3, 97, 23)
(3, 23, 33)
(3, 60, 39)
(3, 66, 39)
(3, 76, 17)
(3, 65, 41)
(3, 73, 33)
(3, 69, 41)
(3, 77, 13)
(3, 30, 41)
(3, 74, 33)
(3, 91, 42)
(3, 96, 2)
(3, 7, 50)
(3, 42, 14)
(3, 54, 39)
(3, 62, 30)
(3, 58, 15)
(3, 12, 13)
(3, 39, 4)
(3, 18, 6)
(3, 81, 3)
(3, 21, 44)
(3, 79, 25)
(3, 35, 7)
(3, 85, 46)
(3, 70, 8)
(3, 71, 34)
(3, 93, 28)
(3, 25, 5)
(3, 15, 23)
(3, 56, 47)
(3, 6, 12)
(3, 22, 10)
(3, 94, 6)
(3, 95, 13)
(3, 64, 23)
(3, 84, 30)
(4, 96, 30)
(4, 50, 44)
(4, 40, 4)
(4, 71, 26)
(4, 79, 48)
(4, 70, 42)
(4, 11, 45)
(4, 68, 38)
(4, 87, 37)
(4, 47, 33)
(4, 57, 32)
(4, 89, 10)
(4, 98, 4)
(4, 42, 4)
(4, 13, 40)
(4, 35, 41)
(4, 45, 43)
(4, 48, 26)
(4, 72, 30)
(4, 91, 24)
(4, 77, 33)
(4, 9, 20)
(4, 15, 44)
(4, 39, 31)
(4, 93, 8)
(4, 64, 44)
(4, 16, 5)
(4, 80, 10)
(4, 65, 35)
(4, 53, 45)
(4, 27, 24)
(4, 66, 26)
(4, 97, 18)
(4, 30, 37)
(4, 92, 31)
(4, 83, 18)
(4, 73, 46)
(4, 31, 14)
(4, 24, 13)
(4, 18, 50)
(4, 32, 17)
(4, 14, 35)
(4, 21, 31)
(4, 49, 16)
(4, 46, 5)
(4, 61, 21)
(4, 56, 23)
(4, 33, 8)
(4, 84, 32)
(4, 52, 41)
(4, 60, 16)
(4, 44, 23)
(4, 7, 47)
(4, 29, 19)
(4, 22, 35)
(4, 8, 4)
(4, 62, 16)
(4, 51, 11)
(4, 6, 11)
(4, 75, 37)
(4, 95, 30)
(4, 59, 23)
(4, 63, 5)
(4, 5, 35)
(4, 78, 45)
(4, 94, 21)
(4, 41, 44)
(4, 54, 6)
(4, 28, 3)
(4, 38, 37)
(4, 55, 22)
(4, 20, 12)
(4, 81, 36)
(4, 10, 10)
(4, 76, 50)
(4, 17, 23)
(4, 58, 47)
(4, 25, 39)
(4, 67, 12)
(4, 19, 48)
(4, 26, 34)
(4, 90, 38)
(4, 69, 48)
(4, 74, 1)
(4, 37, 7)
(4, 43, 39)
(4, 12, 36)
(4, 36, 31)
(4, 23, 33)
(4, 82, 28)
(4, 85, 1)
(4, 88, 8)
(4, 99, 3)
(4, 34, 17)
(4, 86, 39)
(5, 33, 21)
(5, 55, 48)
(5, 83, 27)
(5, 61, 15)
(5, 56, 48)
(5, 70, 20)
(5, 58, 35)
(5, 47, 29)
(5, 10, 14)
(5, 9, 29)
(5, 48, 20)
(5, 40, 24)
(5, 62, 36)
(5, 8, 25)
(5, 81, 47)
(5, 87, 12)
(5, 73, 17)
(5, 43, 40)
(5, 65, 30)
(5, 36, 6)
(5, 34, 1)
(5, 88, 7)
(5, 27, 48)
(5, 35, 25)
(5, 42, 8)
(5, 99, 19)
(5, 38, 25)
(5, 94, 7)
(5, 22, 45)
(5, 98, 29)
(5, 29, 35)
(5, 12, 28)
(5, 21, 45)
(5, 63, 39)
(5, 74, 25)
(5, 53, 41)
(5, 7, 3)
(5, 57, 29)
(5, 69, 17)
(5, 85, 4)
(5, 49, 26)
(5, 72, 37)
(5, 19, 12)
(5, 52, 42)
(5, 44, 2)
(5, 89, 21)
(5, 71, 2)
(5, 25, 17)
(5, 24, 45)
(5, 84, 3)
(5, 92, 22)
(5, 86, 13)
(5, 64, 18)
(5, 68, 10)
(5, 37, 46)
(5, 28, 3)
(5, 66, 21)
(5, 82, 32)
(5, 39, 5)
(5, 78, 36)
(5, 16, 40)
(5, 46, 36)
(5, 11, 48)
(5, 60, 13)
(5, 96, 36)
(5, 14, 2)
(5, 97, 31)
(5, 13, 33)
(5, 76, 15)
(5, 77, 39)
(5, 95, 9)
(5, 54, 27)
(5, 26, 41)
(5, 15, 50)
(5, 32, 46)
(5, 18, 39)
(5, 93, 9)
(5, 17, 29)
(5, 51, 27)
(5, 59, 8)
(5, 31, 19)
(5, 50, 37)
(5, 67, 44)
(5, 75, 33)
(5, 91, 14)
(5, 79, 25)
(5, 23, 32)
(5, 80, 17)
(5, 90, 28)
(5, 45, 31)
(5, 41, 13)
(5, 6, 33)
(5, 20, 2)
(5, 30, 43)
(6, 62, 10)
(6, 29, 10)
(6, 30, 29)
(6, 15, 50)
(6, 76, 12)
(6, 50, 18)
(6, 93, 19)
(6, 64, 14)
(6, 40, 42)
(6, 55, 20)
(6, 39, 25)
(6, 65, 33)
(6, 66, 44)
(6, 82, 33)
(6, 97, 43)
(6, 67, 35)
(6, 58, 37)
(6, 42, 26)
(6, 57, 48)
(6, 90, 43)
(6, 45, 37)
(6, 23, 39)
(6, 14, 19)
(6, 69, 11)
(6, 98, 13)
(6, 94, 8)
(6, 33, 13)
(6, 44, 6)
(6, 63, 5)
(6, 88, 18)
(6, 8, 49)
(6, 78, 3)
(6, 48, 41)
(6, 96, 5)
(6, 95, 2)
(6, 60, 12)
(6, 74, 24)
(6, 75, 49)
(6, 43, 17)
(6, 18, 28)
(6, 84, 47)
(6, 91, 2)
(6, 26, 17)
(6, 21, 20)
(6, 54, 43)
(6, 99, 17)
(6, 10, 25)
(6, 41, 8)
(6, 13, 42)
(6, 38, 23)
(6, 17, 44)
(6, 24, 17)
(6, 11, 21)
(6, 34, 43)
(6, 80, 33)
(6, 77, 2)
(6, 27, 46)
(6, 81, 37)
(6, 47, 4)
(6, 32, 22)
(6, 46, 1)
(6, 89, 49)
(6, 59, 13)
(6, 53, 42)
(6, 25, 35)
(6, 85, 15)
(6, 49, 45)
(6, 51, 27)
(6, 31, 50)
(6, 35, 50)
(6, 79, 38)
(6, 7, 25)
(6, 9, 14)
(6, 36, 21)
(6, 68, 3)
(6, 16, 10)
(6, 73, 33)
(6, 12, 2)
(6, 71, 43)
(6, 61, 7)
(6, 37, 47)
(6, 86, 40)
(6, 92, 15)
(6, 20, 39)
(6, 83, 11)
(6, 28, 14)
(6, 72, 37)
(6, 19, 4)
(6, 22, 15)
(6, 87, 41)
(6, 52, 11)
(6, 56, 29)
(6, 70, 50)
(7, 14, 19)
(7, 45, 22)
(7, 30, 41)
(7, 46, 21)
(7, 27, 47)
(7, 53, 7)
(7, 61, 38)
(7, 58, 2)
(7, 68, 34)
(7, 24, 24)
(7, 44, 48)
(7, 38, 50)
(7, 77, 3)
(7, 59, 7)
(7, 23, 43)
(7, 66, 26)
(7, 41, 14)
(7, 8, 45)
(7, 83, 50)
(7, 55, 28)
(7, 29, 27)
(7, 67, 11)
(7, 97, 23)
(7, 51, 30)
(7, 11, 39)
(7, 20, 41)
(7, 86, 12)
(7, 88, 12)
(7, 63, 46)
(7, 75, 10)
(7, 9, 3)
(7, 82, 1)
(7, 49, 26)
(7, 79, 40)
(7, 31, 21)
(7, 22, 20)
(7, 28, 32)
(7, 19, 26)
(7, 57, 43)
(7, 65, 32)
(7, 48, 28)
(7, 62, 2)
(7, 73, 42)
(7, 54, 4)
(7, 95, 45)
(7, 17, 34)
(7, 50, 8)
(7, 90, 42)
(7, 80, 32)
(7, 81, 34)
(7, 21, 46)
(7, 69, 10)
(7, 42, 38)
(7, 99, 7)
(7, 70, 24)
(7, 37, 46)
(7, 56, 28)
(7, 60, 41)
(7, 39, 37)
(7, 74, 50)
(7, 16, 49)
(7, 91, 38)
(7, 43, 8)
(7, 96, 40)
(7, 34, 9)
(7, 25, 6)
(7, 92, 19)
(7, 15, 21)
(7, 94, 1)
(7, 93, 50)
(7, 72, 40)
(7, 10, 37)
(7, 85, 44)
(7, 18, 34)
(7, 47, 45)
(7, 64, 39)
(7, 26, 20)
(7, 13, 25)
(7, 32, 18)
(7, 36, 13)
(7, 12, 43)
(7, 78, 47)
(7, 76, 7)
(7, 89, 31)
(7, 87, 27)
(7, 52, 47)
(7, 33, 37)
(7, 98, 19)
(7, 71, 46)
(7, 84, 11)
(7, 35, 33)
(7, 40, 42)
(8, 11, 34)
(8, 65, 49)
(8, 78, 46)
(8, 83, 42)
(8, 40, 14)
(8, 13, 18)
(8, 39, 21)
(8, 52, 40)
(8, 14, 34)
(8, 34, 33)
(8, 61, 16)
(8, 46, 21)
(8, 41, 25)
(8, 30, 7)
(8, 32, 50)
(8, 89, 39)
(8, 33, 8)
(8, 57, 14)
(8, 76, 47)
(8, 44, 49)
(8, 75, 5)
(8, 37, 32)
(8, 79, 36)
(8, 82, 15)
(8, 50, 20)
(8, 77, 47)
(8, 88, 50)
(8, 80, 10)
(8, 54, 34)
(8, 87, 23)
(8, 47, 35)
(8, 51, 2)
(8, 24, 35)
(8, 70, 31)
(8, 22, 23)
(8, 90, 36)
(8, 92, 7)
(8, 27, 38)
(8, 59, 2)
(8, 74, 21)
(8, 73, 41)
(8, 67, 47)
(8, 84, 3)
(8, 64, 39)
(8, 25, 45)
(8, 85, 39)
(8, 91, 16)
(8, 38, 43)
(8, 93, 45)
(8, 36, 17)
(8, 96, 8)
(8, 26, 8)
(8, 56, 27)
(8, 99, 37)
(8, 42, 48)
(8, 81, 50)
(8, 21, 38)
(8, 63, 36)
(8, 19, 40)
(8, 60, 1)
(8, 94, 22)
(8, 29, 2)
(8, 9, 14)
(8, 45, 11)
(8, 66, 49)
(8, 28, 32)
(8, 95, 48)
(8, 55, 26)
(8, 86, 23)
(8, 58, 34)
(8, 48, 29)
(8, 10, 8)
(8, 16, 34)
(8, 53, 9)
(8, 15, 12)
(8, 17, 46)
(8, 31, 36)
(8, 97, 34)
(8, 49, 21)
(8, 98, 42)
(8, 18, 23)
(8, 23, 48)
(8, 20, 50)
(8, 72, 37)
(8, 62, 39)
(8, 68, 32)
(8, 71, 15)
(8, 69, 37)
(8, 35, 11)
(8, 43, 18)
(8, 12, 42)
(9, 66, 8)
(9, 96, 2)
(9, 27, 9)
(9, 79, 34)
(9, 86, 3)
(9, 75, 20)
(9, 26, 31)
(9, 33, 25)
(9, 46, 19)
(9, 28, 22)
(9, 65, 38)
(9, 32, 44)
(9, 76, 1)
(9, 91, 21)
(9, 78, 23)
(9, 41, 12)
(9, 47, 17)
(9, 60, 45)
(9, 53, 42)
(9, 49, 45)
(9, 72, 4)
(9, 52, 6)
(9, 99, 38)
(9, 11, 7)
(9, 19, 11)
(9, 74, 29)
(9, 43, 30)
(9, 90, 25)
(9, 89, 42)
(9, 69, 40)
(9, 24, 21)
(9, 23, 35)
(9, 38, 40)
(9, 44, 28)
(9, 29, 24)
(9, 83, 46)
(9, 22, 18)
(9, 37, 33)
(9, 42, 47)
(9, 57, 37)
(9, 39, 32)
(9, 82, 9)
(9, 92, 42)
(9, 63, 22)
(9, 88, 28)
(9, 45, 4)
(9, 64, 40)
(9, 59, 34)
(9, 14, 44)
(9, 62, 30)
(9, 48, 24)
(9, 31, 9)
(9, 85, 38)
(9, 51, 30)
(9, 56, 42)
(9, 50, 19)
(9, 95, 21)
(9, 80, 23)
(9, 67, 49)
(9, 20, 7)
(9, 21, 6)
(9, 98, 7)
(9, 58, 32)
(9, 30, 13)
(9, 12, 27)
(9, 94, 32)
(9, 17, 43)
(9, 34, 16)
(9, 13, 42)
(9, 10, 19)
(9, 15, 35)
(9, 18, 47)
(9, 36, 42)
(9, 97, 50)
(9, 70, 43)
(9, 54, 3)
(9, 61, 14)
(9, 68, 21)
(9, 25, 5)
(9, 81, 24)
(9, 87, 11)
(9, 71, 20)
(9, 16, 19)
(9, 40, 4)
(9, 55, 33)
(9, 93, 28)
(9, 73, 39)
(9, 84, 28)
(9, 35, 32)
(9, 77, 11)
(10, 82, 7)
(10, 71, 5)
(10, 30, 4)
(10, 93, 22)
(10, 60, 16)
(10, 70, 34)
(10, 73, 8)
(10, 78, 50)
(10, 83, 22)
(10, 63, 37)
(10, 35, 2)
(10, 17, 7)
(10, 57, 44)
(10, 62, 50)
(10, 43, 6)
(10, 29, 7)
(10, 77, 42)
(10, 26, 43)
(10, 40, 30)
(10, 21, 43)
(10, 95, 42)
(10, 45, 48)
(10, 91, 37)
(10, 39, 25)
(10, 22, 21)
(10, 27, 39)
(10, 52, 13)
(10, 16, 27)
(10, 11, 38)
(10, 18, 43)
(10, 58, 11)
(10, 12, 29)
(10, 36, 38)
(10, 94, 40)
(10, 96, 35)
(10, 55, 48)
(10, 86, 23)
(10, 54, 11)
(10, 56, 23)
(10, 42, 47)
(10, 50, 35)
(10, 34, 28)
(10, 64, 3)
(10, 88, 35)
(10, 44, 9)
(10, 89, 24)
(10, 67, 29)
(10, 80, 45)
(10, 79, 38)
(10, 59, 47)
(10, 15, 32)
(10, 81, 35)
(10, 41, 22)
(10, 31, 23)
(10, 61, 32)
(10, 85, 36)
(10, 84, 40)
(10, 65, 47)
(10, 24, 23)
(10, 23, 43)
(10, 48, 30)
(10, 75, 8)
(10, 98, 16)
(10, 38, 38)
(10, 32, 7)
(10, 68, 26)
(10, 92, 26)
(10, 66, 14)
(10, 99, 36)
(10, 14, 41)
(10, 25, 25)
(10, 13, 6)
(10, 28, 8)
(10, 49, 3)
(10, 72, 32)
(10, 33, 3)
(10, 74, 34)
(10, 97, 44)
(10, 90, 39)
(10, 47, 46)
(10, 87, 45)
(10, 20, 10)
(10, 37, 30)
(10, 76, 27)
(10, 51, 16)
(10, 69, 11)
(10, 46, 43)
(10, 19, 29)
(10, 53, 41)
(11, 42, 1)
(11, 19, 35)
(11, 90, 40)
(11, 85, 12)
(11, 45, 19)
(11, 47, 33)
(11, 32, 5)
(11, 66, 32)
(11, 89, 34)
(11, 92, 45)
(11, 23, 46)
(11, 94, 42)
(11, 57, 41)
(11, 76, 3)
(11, 63, 38)
(11, 36, 35)
(11, 54, 40)
(11, 26, 26)
(11, 52, 3)
(11, 27, 14)
(11, 46, 9)
(11, 20, 34)
(11, 99, 26)
(11, 25, 10)
(11, 96, 15)
(11, 18, 14)
(11, 13, 16)
(11, 80, 47)
(11, 87, 31)
(11, 50, 38)
(11, 35, 32)
(11, 81, 15)
(11, 83, 23)
(11, 55, 42)
(11, 98, 16)
(11, 60, 33)
(11, 33, 29)
(11, 24, 37)
(11, 14, 14)
(11, 97, 41)
(11, 75, 10)
(11, 69, 8)
(11, 38, 32)
(11, 48, 26)
(11, 12, 26)
(11, 79, 29)
(11, 72, 7)
(11, 41, 1)
(11, 15, 49)
(11, 43, 27)
(11, 88, 14)
(11, 64, 17)
(11, 68, 49)
(11, 37, 41)
(11, 73, 5)
(11, 62, 36)
(11, 49, 4)
(11, 71, 35)
(11, 56, 19)
(11, 93, 46)
(11, 61, 8)
(11, 77, 48)
(11, 40, 32)
(11, 59, 23)
(11, 86, 43)
(11, 78, 21)
(11, 17, 33)
(11, 39, 38)
(11, 65, 5)
(11, 82, 34)
(11, 58, 42)
(11, 31, 37)
(11, 16, 20)
(11, 44, 29)
(11, 67, 9)
(11, 21, 6)
(11, 91, 49)
(11, 28, 11)
(11, 84, 42)
(11, 51, 41)
(11, 95, 8)
(11, 30, 25)
(11, 70, 33)
(11, 74, 30)
(11, 22, 44)
(11, 34, 46)
(11, 53, 16)
(11, 29, 13)
(12, 35, 20)
(12, 97, 29)
(12, 36, 43)
(12, 14, 15)
(12, 56, 39)
(12, 43, 28)
(12, 93, 44)
(12, 95, 2)
(12, 47, 27)
(12, 88, 20)
(12, 45, 28)
(12, 79, 47)
(12, 71, 6)
(12, 94, 8)
(12, 61, 18)
(12, 75, 12)
(12, 38, 43)
(12, 87, 8)
(12, 40, 50)
(12, 68, 44)
(12, 31, 43)
(12, 65, 2)
(12, 29, 1)
(12, 49, 11)
(12, 37, 14)
(12, 30, 28)
(12, 17, 36)
(12, 63, 12)
(12, 77, 39)
(12, 86, 50)
(12, 16, 27)
(12, 73, 21)
(12, 25, 49)
(12, 60, 11)
(12, 70, 33)
(12, 23, 49)
(12, 69, 16)
(12, 72, 27)
(12, 74, 42)
(12, 22, 4)
(12, 24, 22)
(12, 32, 48)
(12, 51, 11)
(12, 64, 40)
(12, 59, 36)
(12, 66, 18)
(12, 99, 38)
(12, 58, 20)
(12, 42, 46)
(12, 76, 17)
(12, 50, 46)
(12, 96, 10)
(12, 82, 50)
(12, 34, 25)
(12, 46, 34)
(12, 27, 10)
(12, 39, 26)
(12, 21, 15)
(12, 78, 47)
(12, 18, 47)
(12, 81, 7)
(12, 90, 35)
(12, 84, 13)
(12, 92, 42)
(12, 98, 18)
(12, 53, 11)
(12, 20, 11)
(12, 44, 20)
(12, 55, 50)
(12, 62, 7)
(12, 19, 25)
(12, 48, 8)
(12, 80, 25)
(12, 91, 17)
(12, 15, 9)
(12, 89, 43)
(12, 41, 49)
(12, 52, 36)
(12, 33, 27)
(12, 57, 38)
(12, 54, 4)
(12, 26, 25)
(12, 13, 44)
(12, 67, 36)
(12, 28, 26)
(12, 83, 25)
(12, 85, 37)
(13, 98, 36)
(13, 93, 31)
(13, 55, 50)
(13, 35, 16)
(13, 28, 32)
(13, 85, 36)
(13, 24, 24)
(13, 94, 40)
(13, 90, 26)
(13, 43, 44)
(13, 92, 18)
(13, 30, 2)
(13, 42, 41)
(13, 66, 8)
(13, 99, 4)
(13, 80, 31)
(13, 17, 34)
(13, 89, 35)
(13, 62, 3)
(13, 22, 36)
(13, 38, 30)
(13, 37, 22)
(13, 32, 21)
(13, 77, 8)
(13, 18, 48)
(13, 52, 35)
(13, 36, 2)
(13, 14, 45)
(13, 41, 21)
(13, 25, 18)
(13, 73, 10)
(13, 69, 25)
(13, 72, 28)
(13, 70, 30)
(13, 48, 48)
(13, 60, 40)
(13, 53, 7)
(13, 78, 48)
(13, 79, 26)
(13, 34, 30)
(13, 39, 18)
(13, 76, 31)
(13, 65, 21)
(13, 45, 19)
(13, 71, 50)
(13, 96, 39)
(13, 56, 1)
(13, 59, 7)
(13, 87, 37)
(13, 40, 4)
(13, 91, 5)
(13, 21, 23)
(13, 23, 39)
(13, 27, 10)
(13, 83, 33)
(13, 84, 15)
(13, 58, 18)
(13, 31, 39)
(13, 19, 36)
(13, 44, 18)
(13, 64, 2)
(13, 88, 10)
(13, 46, 20)
(13, 54, 34)
(13, 50, 2)
(13, 63, 33)
(13, 29, 31)
(13, 15, 5)
(13, 33, 48)
(13, 57, 12)
(13, 26, 11)
(13, 16, 1)
(13, 95, 42)
(13, 82, 8)
(13, 61, 48)
(13, 49, 41)
(13, 68, 4)
(13, 97, 10)
(13, 75, 50)
(13, 47, 32)
(13, 51, 48)
(13, 20, 22)
(13, 67, 2)
(13, 74, 31)
(13, 86, 7)
(13, 81, 26)
(14, 31, 24)
(14, 84, 1)
(14, 46, 15)
(14, 35, 44)
(14, 20, 45)
(14, 64, 40)
(14, 51, 41)
(14, 76, 25)
(14, 54, 19)
(14, 62, 1)
(14, 30, 23)
(14, 89, 26)
(14, 25, 30)
(14, 94, 9)
(14, 85, 26)
(14, 82, 7)
(14, 75, 50)
(14, 68, 3)
(14, 97, 34)
(14, 40, 24)
(14, 44, 15)
(14, 23, 18)
(14, 32, 43)
(14, 74, 47)
(14, 65, 49)
(14, 86, 20)
(14, 88, 43)
(14, 71, 39)
(14, 26, 25)
(14, 87, 22)
(14, 98, 4)
(14, 21, 37)
(14, 59, 3)
(14, 83, 3)
(14, 57, 3)
(14, 96, 12)
(14, 92, 3)
(14, 38, 34)
(14, 16, 12)
(14, 52, 8)
(14, 37, 28)
(14, 99, 3)
(14, 72, 16)
(14, 34, 41)
(14, 41, 44)
(14, 93, 40)
(14, 33, 31)
(14, 42, 43)
(14, 49, 8)
(14, 36, 46)
(14, 63, 39)
(14, 56, 2)
(14, 95, 9)
(14, 91, 14)
(14, 67, 39)
(14, 43, 10)
(14, 29, 7)
(14, 81, 38)
(14, 70, 17)
(14, 53, 42)
(14, 45, 1)
(14, 47, 12)
(14, 60, 14)
(14, 58, 50)
(14, 61, 26)
(14, 69, 36)
(14, 50, 6)
(14, 28, 44)
(14, 19, 9)
(14, 80, 45)
(14, 48, 6)
(14, 39, 8)
(14, 15, 16)
(14, 77, 50)
(14, 27, 23)
(14, 66, 2)
(14, 78, 3)
(14, 17, 23)
(14, 18, 12)
(14, 22, 5)
(14, 55, 5)
(14, 24, 34)
(14, 90, 33)
(14, 73, 28)
(14, 79, 47)
(15, 31, 7)
(15, 91, 3)
(15, 36, 27)
(15, 72, 19)
(15, 17, 29)
(15, 37, 9)
(15, 99, 32)
(15, 27, 21)
(15, 89, 12)
(15, 50, 1)
(15, 19, 20)
(15, 55, 43)
(15, 87, 36)
(15, 48, 25)
(15, 59, 47)
(15, 62, 16)
(15, 18, 33)
(15, 23, 16)
(15, 44, 33)
(15, 58, 24)
(15, 86, 18)
(15, 24, 36)
(15, 74, 33)
(15, 29, 9)
(15, 21, 12)
(15, 82, 42)
(15, 52, 3)
(15, 41, 42)
(15, 49, 43)
(15, 56, 4)
(15, 98, 8)
(15, 92, 31)
(15, 42, 50)
(15, 20, 46)
(15, 61, 40)
(15, 75, 34)
(15, 47, 13)
(15, 30, 32)
(15, 67, 30)
(15, 73, 29)
(15, 78, 24)
(15, 76, 10)
(15, 64, 29)
(15, 33, 23)
(15, 60, 31)
(15, 40, 7)
(15, 45, 13)
(15, 96, 16)
(15, 57, 49)
(15, 46, 25)
(15, 43, 3)
(15, 66, 23)
(15, 22, 46)
(15, 35, 17)
(15, 54, 41)
(15, 90, 2)
(15, 97, 9)
(15, 32, 26)
(15, 85, 2)
(15, 84, 43)
(15, 80, 12)
(15, 70, 10)
(15, 63, 44)
(15, 38, 21)
(15, 81, 2)
(15, 65, 16)
(15, 71, 30)
(15, 34, 5)
(15, 28, 50)
(15, 16, 43)
(15, 95, 49)
(15, 39, 8)
(15, 83, 17)
(15, 79, 44)
(15, 69, 13)
(15, 94, 10)
(15, 77, 7)
(15, 53, 26)
(15, 88, 22)
(15, 25, 37)
(15, 51, 19)
(15, 93, 42)
(15, 26, 13)
(15, 68, 3)
(16, 53, 37)
(16, 90, 38)
(16, 36, 34)
(16, 31, 7)
(16, 68, 33)
(16, 49, 25)
(16, 39, 32)
(16, 33, 3)
(16, 82, 50)
(16, 38, 14)
(16, 29, 22)
(16, 72, 43)
(16, 87, 9)
(16, 51, 34)
(16, 66, 30)
(16, 18, 40)
(16, 59, 10)
(16, 69, 35)
(16, 32, 34)
(16, 17, 46)
(16, 35, 1)
(16, 86, 38)
(16, 45, 22)
(16, 92, 49)
(16, 84, 50)
(16, 79, 6)
(16, 65, 7)
(16, 55, 19)
(16, 73, 13)
(16, 26, 36)
(16, 62, 40)
(16, 96, 13)
(16, 77, 36)
(16, 28, 46)
(16, 94, 38)
(16, 99, 27)
(16, 75, 22)
(16, 42, 15)
(16, 58, 9)
(16, 88, 20)
(16, 47, 20)
(16, 67, 45)
(16, 52, 30)
(16, 23, 39)
(16, 43, 48)
(16, 83, 1)
(16, 70, 50)
(16, 71, 9)
(16, 61, 48)
(16, 97, 46)
(16, 41, 22)
(16, 95, 39)
(16, 19, 38)
(16, 74, 18)
(16, 91, 40)
(16, 80, 9)
(16, 25, 22)
(16, 63, 49)
(16, 60, 44)
(16, 21, 31)
(16, 76, 40)
(16, 34, 46)
(16, 22, 8)
(16, 56, 19)
(16, 37, 31)
(16, 48, 32)
(16, 20, 16)
(16, 85, 36)
(16, 78, 31)
(16, 57, 7)
(16, 93, 47)
(16, 44, 33)
(16, 81, 33)
(16, 24, 39)
(16, 89, 26)
(16, 50, 47)
(16, 64, 25)
(16, 98, 8)
(16, 30, 13)
(16, 27, 19)
(16, 46, 16)
(16, 54, 33)
(16, 40, 19)
(17, 51, 1)
(17, 71, 20)
(17, 74, 24)
(17, 33, 28)
(17, 75, 41)
(17, 53, 26)
(17, 92, 11)
(17, 20, 30)
(17, 78, 39)
(17, 43, 33)
(17, 32, 12)
(17, 59, 36)
(17, 83, 16)
(17, 67, 39)
(17, 60, 34)
(17, 36, 26)
(17, 18, 47)
(17, 73, 47)
(17, 29, 34)
(17, 82, 39)
(17, 49, 1)
(17, 65, 1)
(17, 64, 34)
(17, 42, 38)
(17, 30, 48)
(17, 68, 48)
(17, 62, 44)
(17, 55, 25)
(17, 84, 50)
(17, 25, 50)
(17, 26, 39)
(17, 52, 32)
(17, 50, 6)
(17, 37, 46)
(17, 77, 49)
(17, 90, 36)
(17, 94, 30)
(17, 44, 26)
(17, 87, 9)
(17, 34, 19)
(17, 41, 7)
(17, 97, 30)
(17, 54, 11)
(17, 56, 23)
(17, 91, 15)
(17, 93, 15)
(17, 39, 18)
(17, 22, 37)
(17, 63, 33)
(17, 70, 9)
(17, 95, 18)
(17, 23, 3)
(17, 72, 39)
(17, 58, 27)
(17, 28, 4)
(17, 66, 8)
(17, 85, 20)
(17, 88, 47)
(17, 31, 34)
(17, 46, 13)
(17, 89, 36)
(17, 45, 38)
(17, 35, 40)
(17, 19, 46)
(17, 24, 9)
(17, 21, 25)
(17, 76, 9)
(17, 40, 13)
(17, 98, 46)
(17, 69, 9)
(17, 27, 7)
(17, 61, 24)
(17, 57, 27)
(17, 96, 27)
(17, 81, 12)
(17, 99, 44)
(17, 48, 22)
(17, 80, 19)
(17, 38, 48)
(17, 47, 3)
(17, 86, 30)
(17, 79, 38)
(18, 62, 8)
(18, 81, 46)
(18, 63, 11)
(18, 19, 8)
(18, 54, 42)
(18, 45, 47)
(18, 91, 40)
(18, 23, 48)
(18, 34, 33)
(18, 40, 4)
(18, 28, 3)
(18, 29, 9)
(18, 21, 18)
(18, 50, 37)
(18, 26, 9)
(18, 51, 5)
(18, 78, 34)
(18, 70, 50)
(18, 31, 18)
(18, 72, 20)
(18, 56, 44)
(18, 43, 44)
(18, 60, 18)
(18, 20, 2)
(18, 97, 13)
(18, 94, 3)
(18, 61, 16)
(18, 82, 19)
(18, 27, 36)
(18, 86, 21)
(18, 66, 32)
(18, 41, 7)
(18, 46, 38)
(18, 83, 9)
(18, 69, 25)
(18, 58, 32)
(18, 89, 7)
(18, 47, 37)
(18, 37, 14)
(18, 68, 4)
(18, 49, 7)
(18, 59, 17)
(18, 88, 10)
(18, 85, 36)
(18, 79, 30)
(18, 93, 15)
(18, 99, 24)
(18, 35, 28)
(18, 39, 37)
(18, 38, 35)
(18, 87, 27)
(18, 64, 38)
(18, 96, 26)
(18, 92, 17)
(18, 73, 48)
(18, 57, 8)
(18, 30, 16)
(18, 75, 27)
(18, 84, 23)
(18, 22, 46)
(18, 71, 23)
(18, 90, 46)
(18, 42, 24)
(18, 80, 27)
(18, 25, 44)
(18, 74, 10)
(18, 65, 12)
(18, 76, 33)
(18, 53, 30)
(18, 52, 45)
(18, 24, 21)
(18, 32, 7)
(18, 95, 4)
(18, 77, 16)
(18, 98, 8)
(18, 44, 11)
(18, 67, 24)
(18, 48, 7)
(18, 33, 9)
(18, 55, 21)
(18, 36, 25)
(19, 21, 4)
(19, 51, 25)
(19, 41, 45)
(19, 80, 38)
(19, 48, 22)
(19, 42, 8)
(19, 59, 31)
(19, 25, 47)
(19, 88, 15)
(19, 86, 26)
(19, 91, 35)
(19, 68, 40)
(19, 82, 26)
(19, 65, 5)
(19, 58, 9)
(19, 76, 43)
(19, 54, 20)
(19, 31, 39)
(19, 44, 40)
(19, 61, 6)
(19, 39, 10)
(19, 77, 26)
(19, 63, 50)
(19, 69, 39)
(19, 30, 44)
(19, 46, 13)
(19, 22, 11)
(19, 50, 43)
(19, 53, 28)
(19, 33, 38)
(19, 55, 7)
(19, 71, 27)
(19, 34, 44)
(19, 75, 48)
(19, 70, 28)
(19, 32, 5)
(19, 28, 5)
(19, 47, 1)
(19, 87, 15)
(19, 99, 40)
(19, 37, 32)
(19, 85, 9)
(19, 79, 29)
(19, 73, 26)
(19, 83, 25)
(19, 74, 47)
(19, 60, 50)
(19, 93, 23)
(19, 27, 8)
(19, 81, 35)
(19, 49, 47)
(19, 26, 4)
(19, 72, 43)
(19, 92, 24)
(19, 96, 34)
(19, 36, 23)
(19, 62, 10)
(19, 90, 31)
(19, 40, 25)
(19, 35, 25)
(19, 67, 19)
(19, 56, 39)
(19, 38, 21)
(19, 43, 43)
(19, 97, 12)
(19, 78, 11)
(19, 20, 14)
(19, 45, 19)
(19, 57, 23)
(19, 84, 35)
(19, 23, 39)
(19, 98, 43)
(19, 89, 11)
(19, 52, 13)
(19, 66, 41)
(19, 94, 22)
(19, 29, 50)
(19, 64, 14)
(19, 24, 16)
(19, 95, 43)
(20, 32, 4)
(20, 85, 17)
(20, 38, 49)
(20, 52, 45)
(20, 36, 14)
(20, 95, 13)
(20, 94, 21)
(20, 97, 12)
(20, 54, 46)
(20, 33, 50)
(20, 91, 9)
(20, 43, 26)
(20, 39, 19)
(20, 67, 49)
(20, 40, 36)
(20, 48, 29)
(20, 25, 5)
(20, 80, 29)
(20, 44, 31)
(20, 77, 5)
(20, 65, 44)
(20, 66, 18)
(20, 92, 14)
(20, 70, 50)
(20, 37, 18)
(20, 96, 36)
(20, 90, 5)
(20, 81, 11)
(20, 72, 21)
(20, 35, 35)
(20, 76, 15)
(20, 82, 8)
(20, 29, 12)
(20, 73, 4)
(20, 59, 48)
(20, 68, 43)
(20, 98, 43)
(20, 75, 9)
(20, 50, 15)
(20, 30, 10)
(20, 89, 49)
(20, 55, 32)
(20, 42, 27)
(20, 83, 38)
(20, 84, 1)
(20, 56, 50)
(20, 23, 8)
(20, 86, 33)
(20, 27, 11)
(20, 87, 37)
(20, 61, 49)
(20, 64, 5)
(20, 28, 27)
(20, 79, 33)
(20, 57, 18)
(20, 99, 27)
(20, 34, 1)
(20, 74, 19)
(20, 53, 30)
(20, 49, 46)
(20, 45, 12)
(20, 46, 5)
(20, 31, 42)
(20, 78, 8)
(20, 21, 8)
(20, 26, 18)
(20, 60, 25)
(20, 51, 34)
(20, 69, 17)
(20, 71, 29)
(20, 47, 13)
(20, 41, 30)
(20, 93, 29)
(20, 63, 44)
(20, 58, 19)
(20, 62, 3)
(20, 24, 3)
(20, 88, 33)
(20, 22, 6)
(21, 61, 15)
(21, 53, 41)
(21, 29, 25)
(21, 49, 8)
(21, 33, 8)
(21, 70, 11)
(21, 26, 11)
(21, 47, 1)
(21, 27, 32)
(21, 91, 35)
(21, 67, 23)
(21, 28, 48)
(21, 63, 21)
(21, 74, 11)
(21, 88, 11)
(21, 89, 3)
(21, 23, 29)
(21, 96, 33)
(21, 40, 43)
(21, 90, 35)
(21, 48, 40)
(21, 38, 24)
(21, 45, 36)
(21, 94, 25)
(21, 25, 36)
(21, 24, 29)
(21, 64, 48)
(21, 99, 21)
(21, 72, 37)
(21, 73, 34)
(21, 85, 8)
(21, 50, 33)
(21, 43, 29)
(21, 82, 38)
(21, 58, 11)
(21, 78, 42)
(21, 83, 27)
(21, 22, 35)
(21, 76, 19)
(21, 86, 17)
(21, 95, 36)
(21, 97, 33)
(21, 77, 32)
(21, 44, 13)
(21, 59, 34)
(21, 51, 4)
(21, 69, 42)
(21, 75, 40)
(21, 41, 7)
(21, 71, 44)
(21, 68, 28)
(21, 55, 11)
(21, 39, 34)
(21, 37, 45)
(21, 31, 44)
(21, 60, 28)
(21, 80, 42)
(21, 81, 42)
(21, 34, 17)
(21, 32, 27)
(21, 62, 40)
(21, 36, 44)
(21, 98, 15)
(21, 54, 15)
(21, 92, 16)
(21, 52, 16)
(21, 79, 42)
(21, 65, 27)
(21, 66, 36)
(21, 87, 40)
(21, 56, 42)
(21, 30, 39)
(21, 57, 33)
(21, 46, 10)
(21, 84, 49)
(21, 42, 20)
(21, 35, 11)
(21, 93, 17)
(22, 76, 14)
(22, 38, 29)
(22, 86, 1)
(22, 39, 39)
(22, 29, 18)
(22, 34, 19)
(22, 30, 4)
(22, 70, 2)
(22, 58, 31)
(22, 66, 3)
(22, 84, 38)
(22, 98, 36)
(22, 24, 14)
(22, 52, 48)
(22, 48, 10)
(22, 44, 16)
(22, 37, 9)
(22, 67, 21)
(22, 94, 15)
(22, 57, 38)
(22, 55, 28)
(22, 42, 39)
(22, 31, 8)
(22, 61, 46)
(22, 90, 20)
(22, 83, 36)
(22, 74, 6)
(22, 49, 25)
(22, 41, 44)
(22, 75, 39)
(22, 68, 34)
(22, 46, 8)
(22, 92, 10)
(22, 60, 48)
(22, 35, 17)
(22, 54, 26)
(22, 53, 7)
(22, 91, 42)
(22, 62, 48)
(22, 40, 30)
(22, 26, 26)
(22, 78, 40)
(22, 27, 34)
(22, 93, 31)
(22, 69, 45)
(22, 95, 36)
(22, 99, 31)
(22, 81, 44)
(22, 23, 22)
(22, 77, 1)
(22, 63, 33)
(22, 82, 17)
(22, 28, 5)
(22, 33, 50)
(22, 56, 11)
(22, 79, 6)
(22, 73, 9)
(22, 32, 19)
(22, 87, 44)
(22, 72, 32)
(22, 51, 2)
(22, 65, 44)
(22, 71, 4)
(22, 64, 33)
(22, 97, 7)
(22, 47, 16)
(22, 59, 2)
(22, 89, 1)
(22, 80, 15)
(22, 96, 10)
(22, 50, 25)
(22, 36, 5)
(22, 25, 2)
(22, 85, 16)
(22, 88, 27)
(22, 45, 6)
(22, 43, 16)
(23, 83, 45)
(23, 70, 4)
(23, 98, 36)
(23, 64, 5)
(23, 45, 36)
(23, 93, 48)
(23, 68, 15)
(23, 75, 21)
(23, 57, 21)
(23, 34, 8)
(23, 39, 10)
(23, 26, 46)
(23, 67, 9)
(23, 43, 11)
(23, 30, 45)
(23, 95, 42)
(23, 73, 7)
(23, 35, 40)
(23, 81, 23)
(23, 84, 5)
(23, 36, 23)
(23, 86, 29)
(23, 51, 16)
(23, 72, 1)
(23, 77, 26)
(23, 53, 13)
(23, 62, 37)
(23, 25, 20)
(23, 46, 50)
(23, 85, 33)
(23, 74, 13)
(23, 27, 5)
(23, 49, 13)
(23, 99, 38)
(23, 87, 15)
(23, 40, 49)
(23, 32, 47)
(23, 88, 47)
(23, 28, 32)
(23, 78, 25)
(23, 33, 37)
(23, 63, 50)
(23, 54, 9)
(23, 60, 8)
(23, 80, 16)
(23, 97, 35)
(23, 37, 5)
(23, 61, 1)
(23, 59, 11)
(23, 31, 23)
(23, 29, 32)
(23, 55, 28)
(23, 48, 41)
(23, 50, 31)
(23, 41, 39)
(23, 66, 39)
(23, 69, 32)
(23, 58, 11)
(23, 96, 41)
(23, 82, 22)
(23, 94, 47)
(23, 91, 12)
(23, 71, 31)
(23, 52, 18)
(23, 44, 7)
(23, 76, 25)
(23, 90, 17)
(23, 92, 39)
(23, 56, 26)
(23, 47, 47)
(23, 42, 37)
(23, 79, 25)
(23, 65, 33)
(23, 89, 13)
(23, 24, 16)
(23, 38, 5)
(24, 31, 10)
(24, 85, 41)
(24, 35, 10)
(24, 29, 5)
(24, 69, 20)
(24, 80, 50)
(24, 65, 25)
(24, 92, 24)
(24, 61, 32)
(24, 99, 19)
(24, 54, 14)
(24, 57, 21)
(24, 39, 48)
(24, 56, 39)
(24, 43, 5)
(24, 36, 22)
(24, 44, 23)
(24, 47, 17)
(24, 72, 5)
(24, 58, 15)
(24, 87, 18)
(24, 53, 8)
(24, 79, 46)
(24, 77, 4)
(24, 27, 35)
(24, 28, 3)
(24, 33, 30)
(24, 32, 12)
(24, 66, 33)
(24, 96, 24)
(24, 70, 44)
(24, 86, 32)
(24, 74, 44)
(24, 95, 37)
(24, 26, 13)
(24, 82, 26)
(24, 89, 31)
(24, 30, 21)
(24, 73, 13)
(24, 45, 1)
(24, 94, 26)
(24, 40, 41)
(24, 64, 11)
(24, 68, 6)
(24, 37, 44)
(24, 83, 34)
(24, 62, 37)
(24, 93, 17)
(24, 51, 5)
(24, 50, 48)
(24, 25, 46)
(24, 34, 26)
(24, 42, 7)
(24, 71, 39)
(24, 55, 7)
(24, 67, 29)
(24, 81, 19)
(24, 49, 27)
(24, 75, 11)
(24, 46, 19)
(24, 63, 12)
(24, 41, 24)
(24, 52, 33)
(24, 90, 34)
(24, 38, 19)
(24, 84, 3)
(24, 98, 27)
(24, 60, 15)
(24, 88, 20)
(24, 48, 23)
(24, 76, 50)
(24, 78, 27)
(24, 59, 22)
(24, 97, 45)
(24, 91, 18)
(25, 83, 33)
(25, 89, 17)
(25, 65, 10)
(25, 49, 14)
(25, 61, 23)
(25, 55, 45)
(25, 51, 14)
(25, 78, 36)
(25, 63, 6)
(25, 76, 22)
(25, 43, 10)
(25, 77, 46)
(25, 40, 8)
(25, 80, 49)
(25, 53, 40)
(25, 50, 27)
(25, 75, 17)
(25, 62, 34)
(25, 30, 1)
(25, 47, 46)
(25, 86, 33)
(25, 95, 39)
(25, 29, 28)
(25, 36, 47)
(25, 60, 18)
(25, 81, 25)
(25, 93, 11)
(25, 33, 34)
(25, 67, 33)
(25, 91, 24)
(25, 57, 42)
(25, 41, 38)
(25, 32, 28)
(25, 28, 6)
(25, 48, 43)
(25, 85, 44)
(25, 71, 38)
(25, 82, 28)
(25, 66, 22)
(25, 70, 48)
(25, 35, 17)
(25, 68, 3)
(25, 52, 11)
(25, 38, 16)
(25, 96, 12)
(25, 92, 16)
(25, 31, 27)
(25, 84, 39)
(25, 59, 14)
(25, 99, 45)
(25, 88, 26)
(25, 64, 27)
(25, 79, 1)
(25, 87, 2)
(25, 73, 26)
(25, 37, 6)
(25, 90, 21)
(25, 45, 23)
(25, 74, 14)
(25, 98, 37)
(25, 56, 17)
(25, 54, 40)
(25, 69, 20)
(25, 44, 49)
(25, 27, 30)
(25, 42, 5)
(25, 97, 4)
(25, 94, 45)
(25, 72, 49)
(25, 58, 43)
(25, 26, 10)
(25, 46, 11)
(25, 39, 30)
(25, 34, 28)
(26, 86, 10)
(26, 58, 31)
(26, 30, 24)
(26, 38, 17)
(26, 56, 49)
(26, 60, 19)
(26, 68, 14)
(26, 59, 29)
(26, 66, 50)
(26, 31, 2)
(26, 80, 3)
(26, 90, 23)
(26, 71, 17)
(26, 34, 49)
(26, 50, 44)
(26, 39, 49)
(26, 97, 34)
(26, 55, 7)
(26, 32, 33)
(26, 37, 47)
(26, 65, 32)
(26, 48, 37)
(26, 88, 8)
(26, 92, 27)
(26, 83, 8)
(26, 35, 37)
(26, 75, 22)
(26, 85, 36)
(26, 33, 12)
(26, 87, 40)
(26, 46, 5)
(26, 41, 25)
(26, 52, 37)
(26, 91, 6)
(26, 28, 43)
(26, 54, 42)
(26, 95, 21)
(26, 94, 38)
(26, 98, 38)
(26, 29, 47)
(26, 57, 26)
(26, 78, 13)
(26, 74, 23)
(26, 82, 42)
(26, 36, 41)
(26, 61, 19)
(26, 73, 4)
(26, 64, 16)
(26, 63, 33)
(26, 62, 43)
(26, 40, 10)
(26, 43, 31)
(26, 79, 18)
(26, 84, 2)
(26, 89, 47)
(26, 45, 16)
(26, 44, 39)
(26, 51, 47)
(26, 76, 4)
(26, 67, 32)
(26, 53, 20)
(26, 77, 1)
(26, 81, 20)
(26, 70, 31)
(26, 72, 42)
(26, 27, 49)
(26, 99, 36)
(26, 93, 1)
(26, 42, 46)
(26, 96, 10)
(26, 69, 16)
(26, 47, 14)
(26, 49, 3)
(27, 86, 41)
(27, 39, 28)
(27, 76, 46)
(27, 55, 19)
(27, 43, 8)
(27, 77, 11)
(27, 91, 25)
(27, 54, 1)
(27, 30, 10)
(27, 75, 21)
(27, 93, 8)
(27, 60, 27)
(27, 42, 2)
(27, 98, 24)
(27, 29, 48)
(27, 59, 25)
(27, 85, 9)
(27, 99, 29)
(27, 74, 28)
(27, 45, 29)
(27, 49, 22)
(27, 97, 35)
(27, 37, 39)
(27, 50, 2)
(27, 66, 40)
(27, 53, 6)
(27, 81, 4)
(27, 48, 34)
(27, 65, 15)
(27, 61, 20)
(27, 35, 12)
(27, 94, 33)
(27, 89, 23)
(27, 51, 23)
(27, 32, 17)
(27, 82, 41)
(27, 80, 39)
(27, 64, 1)
(27, 40, 29)
(27, 44, 49)
(27, 79, 38)
(27, 28, 33)
(27, 36, 22)
(27, 96, 15)
(27, 63, 16)
(27, 69, 5)
(27, 73, 4)
(27, 31, 15)
(27, 84, 3)
(27, 72, 25)
(27, 58, 22)
(27, 78, 10)
(27, 70, 38)
(27, 46, 42)
(27, 34, 48)
(27, 33, 44)
(27, 41, 28)
(27, 38, 25)
(27, 56, 41)
(27, 88, 1)
(27, 71, 50)
(27, 92, 39)
(27, 52, 12)
(27, 95, 9)
(27, 83, 36)
(27, 87, 21)
(27, 57, 40)
(27, 62, 26)
(27, 67, 45)
(27, 68, 24)
(27, 47, 6)
(27, 90, 50)
(28, 30, 8)
(28, 96, 37)
(28, 32, 29)
(28, 85, 15)
(28, 49, 20)
(28, 75, 11)
(28, 78, 44)
(28, 90, 43)
(28, 60, 43)
(28, 44, 16)
(28, 33, 33)
(28, 79, 8)
(28, 40, 14)
(28, 34, 40)
(28, 56, 1)
(28, 57, 26)
(28, 45, 10)
(28, 35, 46)
(28, 64, 40)
(28, 37, 1)
(28, 50, 15)
(28, 53, 21)
(28, 73, 15)
(28, 81, 25)
(28, 62, 24)
(28, 98, 35)
(28, 38, 26)
(28, 43, 35)
(28, 52, 48)
(28, 94, 21)
(28, 92, 33)
(28, 86, 11)
(28, 71, 48)
(28, 39, 29)
(28, 93, 42)
(28, 41, 6)
(28, 66, 50)
(28, 83, 38)
(28, 55, 13)
(28, 91, 3)
(28, 97, 44)
(28, 87, 48)
(28, 72, 39)
(28, 42, 36)
(28, 36, 43)
(28, 82, 23)
(28, 31, 42)
(28, 54, 19)
(28, 51, 39)
(28, 74, 10)
(28, 29, 49)
(28, 80, 46)
(28, 46, 48)
(28, 95, 33)
(28, 48, 27)
(28, 70, 17)
(28, 76, 1)
(28, 88, 21)
(28, 77, 37)
(28, 67, 27)
(28, 89, 45)
(28, 47, 2)
(28, 69, 22)
(28, 59, 34)
(28, 63, 32)
(28, 61, 7)
(28, 99, 30)
(28, 68, 18)
(28, 84, 9)
(28, 65, 13)
(28, 58, 48)
(29, 72, 6)
(29, 62, 11)
(29, 48, 31)
(29, 35, 21)
(29, 54, 10)
(29, 96, 39)
(29, 53, 40)
(29, 36, 39)
(29, 99, 13)
(29, 68, 49)
(29, 37, 10)
(29, 44, 26)
(29, 66, 47)
(29, 63, 4)
(29, 58, 5)
(29, 70, 39)
(29, 43, 24)
(29, 81, 37)
(29, 88, 21)
(29, 98, 8)
(29, 40, 43)
(29, 51, 10)
(29, 91, 12)
(29, 31, 41)
(29, 65, 25)
(29, 41, 25)
(29, 78, 33)
(29, 86, 40)
(29, 47, 47)
(29, 52, 29)
(29, 59, 2)
(29, 42, 40)
(29, 56, 28)
(29, 39, 36)
(29, 69, 50)
(29, 89, 26)
(29, 83, 40)
(29, 45, 8)
(29, 95, 32)
(29, 30, 45)
(29, 77, 26)
(29, 90, 21)
(29, 71, 43)
(29, 50, 31)
(29, 60, 34)
(29, 76, 37)
(29, 75, 32)
(29, 85, 4)
(29, 64, 18)
(29, 55, 6)
(29, 97, 19)
(29, 57, 6)
(29, 32, 28)
(29, 61, 45)
(29, 73, 31)
(29, 49, 41)
(29, 80, 22)
(29, 38, 24)
(29, 93, 33)
(29, 79, 19)
(29, 74, 45)
(29, 33, 9)
(29, 94, 8)
(29, 87, 13)
(29, 92, 40)
(29, 84, 6)
(29, 67, 32)
(29, 46, 49)
(29, 34, 39)
(29, 82, 47)
(30, 59, 12)
(30, 61, 41)
(30, 41, 20)
(30, 40, 2)
(30, 69, 19)
(30, 72, 41)
(30, 74, 13)
(30, 84, 43)
(30, 67, 11)
(30, 75, 24)
(30, 86, 25)
(30, 50, 2)
(30, 53, 25)
(30, 32, 34)
(30, 92, 32)
(30, 48, 9)
(30, 52, 46)
(30, 44, 3)
(30, 38, 8)
(30, 87, 39)
(30, 70, 19)
(30, 88, 27)
(30, 68, 11)
(30, 64, 20)
(30, 57, 32)
(30, 47, 4)
(30, 71, 41)
(30, 90, 26)
(30, 58, 12)
(30, 83, 35)
(30, 93, 28)
(30, 79, 2)
(30, 43, 14)
(30, 33, 16)
(30, 63, 44)
(30, 46, 7)
(30, 80, 20)
(30, 39, 14)
(30, 36, 2)
(30, 60, 26)
(30, 99, 48)
(30, 35, 6)
(30, 89, 23)
(30, 73, 10)
(30, 66, 13)
(30, 91, 35)
(30, 55, 17)
(30, 85, 10)
(30, 54, 33)
(30, 51, 50)
(30, 56, 12)
(30, 76, 15)
(30, 37, 23)
(30, 95, 26)
(30, 77, 8)
(30, 82, 11)
(30, 34, 20)
(30, 98, 19)
(30, 49, 6)
(30, 31, 42)
(30, 97, 8)
(30, 42, 12)
(30, 96, 42)
(30, 62, 2)
(30, 81, 47)
(30, 65, 45)
(30, 94, 2)
(30, 45, 16)
(30, 78, 19)
(31, 62, 4)
(31, 55, 19)
(31, 83, 19)
(31, 89, 49)
(31, 53, 50)
(31, 73, 23)
(31, 82, 30)
(31, 76, 34)
(31, 79, 30)
(31, 39, 22)
(31, 75, 50)
(31, 54, 10)
(31, 86, 42)
(31, 84, 20)
(31, 90, 13)
(31, 50, 27)
(31, 32, 41)
(31, 36, 46)
(31, 81, 42)
(31, 99, 31)
(31, 45, 47)
(31, 47, 47)
(31, 88, 13)
(31, 69, 48)
(31, 93, 30)
(31, 48, 30)
(31, 43, 14)
(31, 63, 7)
(31, 71, 48)
(31, 70, 1)
(31, 72, 7)
(31, 33, 11)
(31, 52, 32)
(31, 44, 29)
(31, 38, 21)
(31, 46, 11)
(31, 56, 6)
(31, 92, 33)
(31, 97, 50)
(31, 58, 7)
(31, 74, 42)
(31, 66, 26)
(31, 64, 8)
(31, 95, 25)
(31, 98, 38)
(31, 80, 39)
(31, 91, 10)
(31, 94, 41)
(31, 34, 40)
(31, 77, 26)
(31, 49, 46)
(31, 65, 22)
(31, 41, 39)
(31, 57, 41)
(31, 85, 37)
(31, 61, 38)
(31, 51, 36)
(31, 35, 27)
(31, 59, 30)
(31, 60, 21)
(31, 68, 38)
(31, 37, 40)
(31, 78, 32)
(31, 87, 8)
(31, 96, 22)
(31, 42, 41)
(31, 40, 33)
(31, 67, 20)
(32, 80, 45)
(32, 85, 48)
(32, 82, 11)
(32, 37, 32)
(32, 42, 36)
(32, 33, 9)
(32, 99, 42)
(32, 65, 35)
(32, 60, 18)
(32, 40, 48)
(32, 35, 10)
(32, 95, 34)
(32, 83, 38)
(32, 77, 44)
(32, 84, 41)
(32, 48, 4)
(32, 79, 5)
(32, 46, 21)
(32, 39, 12)
(32, 61, 12)
(32, 52, 12)
(32, 54, 27)
(32, 55, 36)
(32, 45, 42)
(32, 71, 29)
(32, 58, 48)
(32, 90, 15)
(32, 78, 5)
(32, 98, 3)
(32, 59, 34)
(32, 49, 10)
(32, 96, 13)
(32, 50, 48)
(32, 47, 31)
(32, 76, 49)
(32, 72, 1)
(32, 88, 40)
(32, 34, 3)
(32, 87, 49)
(32, 66, 45)
(32, 70, 20)
(32, 63, 41)
(32, 81, 14)
(32, 97, 1)
(32, 86, 27)
(32, 93, 14)
(32, 94, 39)
(32, 38, 6)
(32, 68, 31)
(32, 44, 6)
(32, 43, 38)
(32, 91, 33)
(32, 92, 25)
(32, 69, 21)
(32, 74, 47)
(32, 56, 26)
(32, 67, 5)
(32, 73, 19)
(32, 51, 24)
(32, 57, 26)
(32, 36, 1)
(32, 75, 19)
(32, 64, 40)
(32, 62, 30)
(32, 89, 42)
(32, 41, 31)
(32, 53, 42)
(33, 91, 21)
(33, 87, 40)
(33, 73, 30)
(33, 99, 26)
(33, 46, 46)
(33, 70, 28)
(33, 67, 38)
(33, 63, 50)
(33, 51, 25)
(33, 54, 49)
(33, 85, 11)
(33, 41, 46)
(33, 45, 28)
(33, 88, 18)
(33, 98, 33)
(33, 64, 14)
(33, 68, 7)
(33, 96, 41)
(33, 94, 27)
(33, 78, 35)
(33, 95, 46)
(33, 81, 30)
(33, 66, 50)
(33, 84, 33)
(33, 97, 21)
(33, 77, 9)
(33, 60, 2)
(33, 69, 45)
(33, 56, 50)
(33, 38, 9)
(33, 42, 41)
(33, 80, 27)
(33, 58, 5)
(33, 90, 12)
(33, 71, 1)
(33, 59, 23)
(33, 75, 17)
(33, 34, 21)
(33, 83, 16)
(33, 37, 25)
(33, 72, 27)
(33, 57, 18)
(33, 39, 33)
(33, 55, 15)
(33, 48, 9)
(33, 61, 28)
(33, 49, 46)
(33, 79, 29)
(33, 74, 48)
(33, 43, 4)
(33, 93, 48)
(33, 53, 12)
(33, 65, 9)
(33, 89, 9)
(33, 47, 16)
(33, 92, 27)
(33, 82, 9)
(33, 44, 43)
(33, 86, 47)
(33, 76, 22)
(33, 50, 49)
(33, 36, 28)
(33, 35, 12)
(33, 52, 9)
(33, 62, 13)
(33, 40, 12)
(34, 83, 17)
(34, 69, 17)
(34, 54, 11)
(34, 41, 48)
(34, 74, 16)
(34, 45, 48)
(34, 49, 44)
(34, 96, 19)
(34, 75, 32)
(34, 62, 31)
(34, 93, 15)
(34, 72, 42)
(34, 71, 6)
(34, 90, 14)
(34, 92, 47)
(34, 38, 26)
(34, 66, 15)
(34, 53, 33)
(34, 88, 3)
(34, 37, 50)
(34, 78, 42)
(34, 97, 4)
(34, 76, 25)
(34, 94, 38)
(34, 85, 7)
(34, 73, 15)
(34, 59, 1)
(34, 52, 13)
(34, 47, 2)
(34, 57, 28)
(34, 79, 32)
(34, 60, 31)
(34, 48, 37)
(34, 44, 7)
(34, 80, 31)
(34, 84, 50)
(34, 61, 34)
(34, 87, 6)
(34, 36, 42)
(34, 99, 4)
(34, 68, 10)
(34, 40, 34)
(34, 81, 47)
(34, 35, 4)
(34, 64, 6)
(34, 91, 11)
(34, 65, 13)
(34, 70, 33)
(34, 43, 45)
(34, 95, 24)
(34, 46, 19)
(34, 39, 19)
(34, 63, 5)
(34, 89, 11)
(34, 50, 11)
(34, 82, 44)
(34, 55, 11)
(34, 56, 23)
(34, 67, 30)
(34, 77, 4)
(34, 42, 10)
(34, 51, 44)
(34, 98, 2)
(34, 86, 41)
(34, 58, 24)
(35, 57, 42)
(35, 78, 38)
(35, 91, 36)
(35, 75, 33)
(35, 40, 9)
(35, 65, 41)
(35, 54, 47)
(35, 95, 17)
(35, 50, 21)
(35, 64, 16)
(35, 59, 31)
(35, 80, 29)
(35, 37, 28)
(35, 79, 50)
(35, 74, 31)
(35, 48, 4)
(35, 94, 45)
(35, 55, 8)
(35, 86, 33)
(35, 87, 29)
(35, 84, 3)
(35, 60, 2)
(35, 99, 25)
(35, 47, 8)
(35, 38, 30)
(35, 49, 50)
(35, 73, 8)
(35, 96, 48)
(35, 63, 29)
(35, 97, 29)
(35, 77, 45)
(35, 72, 46)
(35, 68, 21)
(35, 98, 45)
(35, 81, 48)
(35, 89, 23)
(35, 83, 32)
(35, 67, 41)
(35, 92, 22)
(35, 70, 2)
(35, 39, 50)
(35, 36, 26)
(35, 85, 11)
(35, 45, 10)
(35, 93, 7)
(35, 71, 24)
(35, 41, 44)
(35, 51, 33)
(35, 43, 21)
(35, 69, 5)
(35, 61, 3)
(35, 82, 7)
(35, 90, 14)
(35, 76, 49)
(35, 52, 30)
(35, 46, 41)
(35, 44, 9)
(35, 58, 15)
(35, 62, 38)
(35, 56, 40)
(35, 42, 46)
(35, 88, 15)
(35, 53, 8)
(35, 66, 8)
(36, 68, 46)
(36, 88, 33)
(36, 92, 28)
(36, 66, 46)
(36, 41, 49)
(36, 57, 31)
(36, 52, 13)
(36, 95, 12)
(36, 49, 33)
(36, 81, 28)
(36, 84, 25)
(36, 62, 8)
(36, 44, 25)
(36, 59, 18)
(36, 69, 10)
(36, 79, 33)
(36, 99, 19)
(36, 91, 16)
(36, 75, 50)
(36, 78, 16)
(36, 47, 39)
(36, 94, 7)
(36, 67, 22)
(36, 60, 15)
(36, 56, 37)
(36, 45, 47)
(36, 61, 25)
(36, 93, 10)
(36, 89, 49)
(36, 51, 34)
(36, 55, 24)
(36, 77, 26)
(36, 71, 17)
(36, 72, 28)
(36, 39, 44)
(36, 97, 25)
(36, 96, 33)
(36, 42, 27)
(36, 63, 3)
(36, 70, 47)
(36, 87, 36)
(36, 46, 11)
(36, 82, 48)
(36, 40, 4)
(36, 85, 17)
(36, 64, 27)
(36, 43, 18)
(36, 65, 3)
(36, 48, 33)
(36, 80, 11)
(36, 38, 46)
(36, 73, 15)
(36, 53, 12)
(36, 50, 44)
(36, 83, 42)
(36, 98, 17)
(36, 76, 15)
(36, 74, 44)
(36, 86, 3)
(36, 37, 43)
(36, 54, 19)
(36, 58, 31)
(36, 90, 25)
(37, 86, 23)
(37, 59, 16)
(37, 54, 12)
(37, 70, 4)
(37, 78, 5)
(37, 58, 40)
(37, 94, 15)
(37, 67, 40)
(37, 92, 29)
(37, 73, 39)
(37, 68, 3)
(37, 82, 39)
(37, 69, 43)
(37, 76, 9)
(37, 91, 40)
(37, 66, 36)
(37, 77, 10)
(37, 95, 46)
(37, 41, 14)
(37, 51, 29)
(37, 42, 15)
(37, 88, 25)
(37, 60, 34)
(37, 47, 14)
(37, 65, 27)
(37, 52, 45)
(37, 55, 48)
(37, 63, 49)
(37, 64, 8)
(37, 45, 2)
(37, 50, 15)
(37, 44, 40)
(37, 90, 26)
(37, 87, 45)
(37, 74, 42)
(37, 93, 39)
(37, 40, 11)
(37, 57, 5)
(37, 98, 1)
(37, 72, 32)
(37, 62, 16)
(37, 81, 24)
(37, 38, 23)
(37, 80, 7)
(37, 79, 4)
(37, 96, 40)
(37, 61, 9)
(37, 84, 25)
(37, 39, 25)
(37, 56, 21)
(37, 99, 49)
(37, 89, 41)
(37, 97, 8)
(37, 49, 45)
(37, 53, 9)
(37, 43, 8)
(37, 71, 2)
(37, 85, 43)
(37, 75, 43)
(37, 83, 18)
(37, 46, 49)
(37, 48, 31)
(38, 92, 7)
(38, 52, 25)
(38, 53, 8)
(38, 82, 31)
(38, 45, 26)
(38, 72, 10)
(38, 77, 11)
(38, 46, 22)
(38, 70, 28)
(38, 42, 38)
(38, 95, 6)
(38, 83, 18)
(38, 86, 35)
(38, 41, 33)
(38, 71, 28)
(38, 48, 36)
(38, 50, 43)
(38, 98, 5)
(38, 47, 43)
(38, 67, 6)
(38, 59, 35)
(38, 69, 25)
(38, 51, 27)
(38, 75, 12)
(38, 74, 24)
(38, 43, 48)
(38, 68, 3)
(38, 66, 48)
(38, 85, 38)
(38, 62, 24)
(38, 54, 17)
(38, 73, 26)
(38, 81, 25)
(38, 49, 23)
(38, 97, 30)
(38, 63, 4)
(38, 64, 40)
(38, 80, 43)
(38, 76, 23)
(38, 44, 18)
(38, 79, 15)
(38, 87, 8)
(38, 88, 13)
(38, 56, 17)
(38, 55, 26)
(38, 61, 24)
(38, 90, 12)
(38, 58, 47)
(38, 91, 47)
(38, 65, 50)
(38, 96, 16)
(38, 39, 8)
(38, 60, 45)
(38, 78, 16)
(38, 93, 31)
(38, 94, 36)
(38, 89, 12)
(38, 40, 49)
(38, 57, 27)
(38, 99, 31)
(38, 84, 49)
(39, 46, 47)
(39, 65, 6)
(39, 57, 12)
(39, 72, 2)
(39, 84, 29)
(39, 77, 39)
(39, 89, 44)
(39, 49, 35)
(39, 56, 10)
(39, 67, 5)
(39, 47, 7)
(39, 78, 31)
(39, 55, 7)
(39, 85, 29)
(39, 48, 32)
(39, 52, 43)
(39, 59, 20)
(39, 44, 34)
(39, 70, 38)
(39, 93, 7)
(39, 90, 24)
(39, 54, 38)
(39, 53, 2)
(39, 61, 14)
(39, 69, 9)
(39, 68, 37)
(39, 50, 23)
(39, 83, 46)
(39, 62, 25)
(39, 63, 2)
(39, 87, 21)
(39, 60, 7)
(39, 80, 45)
(39, 79, 48)
(39, 99, 33)
(39, 74, 4)
(39, 81, 26)
(39, 86, 9)
(39, 64, 8)
(39, 43, 29)
(39, 45, 7)
(39, 41, 1)
(39, 40, 28)
(39, 96, 4)
(39, 75, 12)
(39, 66, 20)
(39, 42, 17)
(39, 51, 12)
(39, 73, 46)
(39, 76, 28)
(39, 58, 8)
(39, 95, 45)
(39, 98, 3)
(39, 91, 46)
(39, 97, 48)
(39, 71, 1)
(39, 82, 30)
(39, 94, 31)
(39, 92, 47)
(39, 88, 26)
(40, 48, 5)
(40, 78, 31)
(40, 54, 43)
(40, 56, 25)
(40, 51, 18)
(40, 91, 28)
(40, 44, 29)
(40, 73, 7)
(40, 64, 46)
(40, 71, 13)
(40, 53, 31)
(40, 43, 44)
(40, 59, 9)
(40, 66, 18)
(40, 82, 23)
(40, 67, 50)
(40, 72, 25)
(40, 85, 15)
(40, 96, 1)
(40, 83, 17)
(40, 92, 39)
(40, 47, 6)
(40, 68, 11)
(40, 46, 31)
(40, 50, 38)
(40, 79, 7)
(40, 52, 34)
(40, 88, 9)
(40, 90, 8)
(40, 42, 42)
(40, 70, 34)
(40, 55, 9)
(40, 76, 42)
(40, 77, 48)
(40, 93, 43)
(40, 49, 29)
(40, 87, 12)
(40, 98, 17)
(40, 69, 42)
(40, 74, 26)
(40, 61, 10)
(40, 86, 4)
(40, 62, 8)
(40, 75, 10)
(40, 95, 37)
(40, 65, 7)
(40, 89, 3)
(40, 57, 10)
(40, 81, 6)
(40, 63, 39)
(40, 94, 47)
(40, 58, 49)
(40, 99, 35)
(40, 97, 49)
(40, 41, 49)
(40, 80, 29)
(40, 60, 44)
(40, 45, 21)
(40, 84, 22)
(41, 55, 15)
(41, 53, 27)
(41, 64, 1)
(41, 91, 14)
(41, 65, 37)
(41, 85, 47)
(41, 97, 14)
(41, 42, 38)
(41, 51, 13)
(41, 83, 26)
(41, 89, 4)
(41, 79, 18)
(41, 49, 44)
(41, 47, 44)
(41, 75, 41)
(41, 61, 16)
(41, 43, 9)
(41, 52, 19)
(41, 84, 3)
(41, 71, 50)
(41, 46, 34)
(41, 70, 49)
(41, 59, 25)
(41, 72, 5)
(41, 73, 17)
(41, 66, 35)
(41, 82, 35)
(41, 93, 31)
(41, 99, 1)
(41, 54, 2)
(41, 87, 32)
(41, 56, 47)
(41, 81, 31)
(41, 86, 1)
(41, 74, 34)
(41, 44, 15)
(41, 62, 2)
(41, 77, 10)
(41, 57, 13)
(41, 92, 49)
(41, 45, 31)
(41, 96, 2)
(41, 80, 42)
(41, 76, 34)
(41, 68, 1)
(41, 58, 42)
(41, 63, 41)
(41, 67, 34)
(41, 95, 41)
(41, 69, 29)
(41, 94, 36)
(41, 50, 25)
(41, 60, 15)
(41, 88, 4)
(41, 48, 21)
(41, 98, 9)
(41, 78, 14)
(41, 90, 48)
(42, 76, 24)
(42, 87, 14)
(42, 51, 10)
(42, 61, 32)
(42, 81, 11)
(42, 60, 38)
(42, 46, 49)
(42, 94, 30)
(42, 90, 26)
(42, 54, 26)
(42, 66, 26)
(42, 57, 21)
(42, 89, 9)
(42, 96, 32)
(42, 56, 17)
(42, 92, 1)
(42, 91, 36)
(42, 80, 6)
(42, 45, 26)
(42, 99, 23)
(42, 55, 33)
(42, 98, 27)
(42, 78, 4)
(42, 71, 22)
(42, 53, 22)
(42, 64, 28)
(42, 63, 32)
(42, 77, 50)
(42, 59, 21)
(42, 95, 32)
(42, 70, 18)
(42, 73, 50)
(42, 79, 3)
(42, 68, 32)
(42, 58, 31)
(42, 72, 28)
(42, 88, 12)
(42, 82, 22)
(42, 65, 16)
(42, 86, 1)
(42, 49, 47)
(42, 62, 4)
(42, 47, 3)
(42, 43, 29)
(42, 83, 37)
(42, 75, 18)
(42, 93, 37)
(42, 85, 21)
(42, 97, 29)
(42, 84, 35)
(42, 44, 26)
(42, 74, 8)
(42, 69, 39)
(42, 52, 3)
(42, 67, 22)
(42, 50, 26)
(42, 48, 21)
(43, 64, 40)
(43, 82, 20)
(43, 44, 18)
(43, 48, 28)
(43, 78, 18)
(43, 74, 4)
(43, 95, 40)
(43, 77, 37)
(43, 49, 21)
(43, 57, 37)
(43, 80, 22)
(43, 86, 39)
(43, 55, 43)
(43, 75, 45)
(43, 98, 34)
(43, 71, 5)
(43, 56, 17)
(43, 83, 29)
(43, 90, 23)
(43, 67, 39)
(43, 81, 37)
(43, 79, 12)
(43, 58, 40)
(43, 72, 34)
(43, 92, 22)
(43, 76, 20)
(43, 89, 17)
(43, 97, 42)
(43, 84, 22)
(43, 94, 11)
(43, 50, 39)
(43, 52, 23)
(43, 73, 13)
(43, 87, 12)
(43, 62, 22)
(43, 47, 17)
(43, 66, 6)
(43, 69, 6)
(43, 45, 24)
(43, 65, 15)
(43, 63, 13)
(43, 53, 22)
(43, 91, 47)
(43, 51, 15)
(43, 96, 22)
(43, 61, 6)
(43, 88, 30)
(43, 60, 11)
(43, 70, 36)
(43, 93, 20)
(43, 54, 40)
(43, 85, 16)
(43, 99, 9)
(43, 68, 47)
(43, 59, 2)
(43, 46, 32)
(44, 93, 37)
(44, 99, 4)
(44, 78, 20)
(44, 89, 2)
(44, 66, 28)
(44, 69, 45)
(44, 50, 26)
(44, 98, 24)
(44, 55, 33)
(44, 64, 41)
(44, 46, 5)
(44, 87, 33)
(44, 76, 8)
(44, 53, 37)
(44, 96, 20)
(44, 45, 28)
(44, 83, 28)
(44, 59, 39)
(44, 61, 7)
(44, 88, 39)
(44, 82, 40)
(44, 72, 36)
(44, 71, 22)
(44, 75, 15)
(44, 47, 5)
(44, 57, 16)
(44, 58, 25)
(44, 81, 28)
(44, 48, 48)
(44, 51, 3)
(44, 67, 10)
(44, 54, 3)
(44, 77, 41)
(44, 49, 5)
(44, 52, 22)
(44, 74, 49)
(44, 73, 25)
(44, 63, 42)
(44, 91, 42)
(44, 92, 45)
(44, 60, 45)
(44, 97, 34)
(44, 68, 44)
(44, 65, 49)
(44, 84, 4)
(44, 70, 14)
(44, 85, 10)
(44, 95, 24)
(44, 86, 17)
(44, 94, 43)
(44, 90, 49)
(44, 79, 32)
(44, 62, 22)
(44, 80, 43)
(44, 56, 23)
(45, 96, 3)
(45, 50, 12)
(45, 99, 50)
(45, 57, 47)
(45, 72, 24)
(45, 54, 19)
(45, 68, 44)
(45, 60, 30)
(45, 89, 32)
(45, 61, 47)
(45, 83, 44)
(45, 65, 38)
(45, 63, 6)
(45, 67, 43)
(45, 48, 36)
(45, 79, 30)
(45, 78, 13)
(45, 95, 47)
(45, 97, 28)
(45, 51, 13)
(45, 93, 38)
(45, 64, 4)
(45, 47, 23)
(45, 87, 1)
(45, 82, 33)
(45, 76, 15)
(45, 92, 46)
(45, 75, 30)
(45, 81, 27)
(45, 94, 7)
(45, 86, 29)
(45, 66, 7)
(45, 71, 19)
(45, 53, 44)
(45, 90, 14)
(45, 69, 17)
(45, 62, 18)
(45, 73, 6)
(45, 91, 36)
(45, 80, 25)
(45, 55, 26)
(45, 77, 9)
(45, 98, 47)
(45, 46, 28)
(45, 74, 13)
(45, 84, 8)
(45, 85, 10)
(45, 52, 17)
(45, 70, 4)
(45, 59, 47)
(45, 88, 19)
(45, 56, 41)
(45, 58, 24)
(45, 49, 23)
(46, 82, 27)
(46, 73, 30)
(46, 58, 16)
(46, 61, 12)
(46, 98, 14)
(46, 70, 39)
(46, 88, 45)
(46, 68, 43)
(46, 55, 28)
(46, 66, 7)
(46, 51, 12)
(46, 78, 50)
(46, 91, 7)
(46, 86, 38)
(46, 50, 45)
(46, 75, 37)
(46, 99, 30)
(46, 84, 35)
(46, 76, 7)
(46, 63, 9)
(46, 53, 7)
(46, 52, 26)
(46, 90, 12)
(46, 47, 7)
(46, 65, 11)
(46, 72, 14)
(46, 62, 25)
(46, 95, 42)
(46, 74, 33)
(46, 94, 44)
(46, 69, 7)
(46, 81, 33)
(46, 96, 32)
(46, 49, 35)
(46, 57, 14)
(46, 48, 49)
(46, 59, 41)
(46, 56, 28)
(46, 93, 43)
(46, 60, 50)
(46, 87, 28)
(46, 77, 9)
(46, 80, 2)
(46, 64, 22)
(46, 54, 11)
(46, 85, 12)
(46, 89, 25)
(46, 79, 36)
(46, 67, 5)
(46, 83, 36)
(46, 71, 50)
(46, 92, 1)
(46, 97, 20)
(47, 82, 37)
(47, 75, 3)
(47, 71, 23)
(47, 63, 7)
(47, 91, 37)
(47, 64, 5)
(47, 72, 32)
(47, 87, 39)
(47, 85, 29)
(47, 92, 34)
(47, 79, 4)
(47, 88, 1)
(47, 68, 27)
(47, 51, 20)
(47, 86, 29)
(47, 49, 44)
(47, 58, 47)
(47, 93, 22)
(47, 80, 38)
(47, 89, 48)
(47, 78, 27)
(47, 70, 24)
(47, 97, 7)
(47, 62, 44)
(47, 69, 11)
(47, 76, 15)
(47, 66, 40)
(47, 53, 17)
(47, 67, 41)
(47, 61, 19)
(47, 77, 17)
(47, 98, 30)
(47, 65, 37)
(47, 96, 42)
(47, 59, 6)
(47, 94, 21)
(47, 54, 10)
(47, 73, 13)
(47, 60, 34)
(47, 95, 35)
(47, 83, 32)
(47, 84, 43)
(47, 99, 34)
(47, 81, 46)
(47, 50, 14)
(47, 90, 17)
(47, 55, 44)
(47, 56, 2)
(47, 52, 1)
(47, 57, 38)
(47, 74, 5)
(47, 48, 8)
(48, 68, 39)
(48, 83, 37)
(48, 64, 31)
(48, 82, 25)
(48, 55, 37)
(48, 59, 2)
(48, 66, 28)
(48, 90, 41)
(48, 70, 29)
(48, 80, 23)
(48, 77, 9)
(48, 79, 4)
(48, 73, 49)
(48, 65, 43)
(48, 86, 42)
(48, 58, 22)
(48, 69, 2)
(48, 99, 45)
(48, 92, 13)
(48, 51, 36)
(48, 74, 39)
(48, 78, 9)
(48, 54, 5)
(48, 88, 27)
(48, 84, 48)
(48, 60, 50)
(48, 87, 27)
(48, 56, 4)
(48, 98, 48)
(48, 62, 38)
(48, 75, 18)
(48, 93, 8)
(48, 71, 37)
(48, 95, 5)
(48, 85, 21)
(48, 76, 45)
(48, 91, 25)
(48, 72, 8)
(48, 57, 2)
(48, 52, 45)
(48, 63, 10)
(48, 61, 35)
(48, 97, 12)
(48, 50, 16)
(48, 53, 42)
(48, 96, 36)
(48, 89, 38)
(48, 67, 22)
(48, 94, 24)
(48, 49, 13)
(48, 81, 19)
(49, 55, 49)
(49, 75, 49)
(49, 58, 37)
(49, 74, 43)
(49, 71, 28)
(49, 93, 31)
(49, 56, 4)
(49, 96, 33)
(49, 60, 34)
(49, 89, 17)
(49, 69, 21)
(49, 92, 20)
(49, 57, 34)
(49, 76, 40)
(49, 50, 24)
(49, 70, 38)
(49, 85, 7)
(49, 53, 18)
(49, 54, 14)
(49, 78, 29)
(49, 73, 50)
(49, 91, 45)
(49, 68, 36)
(49, 59, 45)
(49, 83, 49)
(49, 98, 13)
(49, 81, 8)
(49, 84, 27)
(49, 52, 40)
(49, 87, 4)
(49, 88, 2)
(49, 63, 30)
(49, 80, 13)
(49, 61, 45)
(49, 97, 43)
(49, 64, 20)
(49, 77, 46)
(49, 67, 26)
(49, 82, 50)
(49, 66, 39)
(49, 99, 24)
(49, 65, 33)
(49, 51, 5)
(49, 95, 47)
(49, 79, 41)
(49, 72, 14)
(49, 90, 42)
(49, 62, 16)
(49, 86, 1)
(49, 94, 28)
(50, 56, 39)
(50, 80, 35)
(50, 55, 43)
(50, 59, 7)
(50, 62, 8)
(50, 73, 35)
(50, 57, 14)
(50, 75, 36)
(50, 66, 3)
(50, 89, 26)
(50, 99, 24)
(50, 95, 30)
(50, 81, 19)
(50, 87, 47)
(50, 58, 19)
(50, 61, 3)
(50, 83, 11)
(50, 72, 5)
(50, 77, 21)
(50, 67, 4)
(50, 64, 5)
(50, 74, 13)
(50, 69, 11)
(50, 96, 19)
(50, 54, 1)
(50, 70, 18)
(50, 82, 7)
(50, 51, 17)
(50, 53, 34)
(50, 63, 18)
(50, 92, 40)
(50, 90, 15)
(50, 86, 11)
(50, 60, 20)
(50, 98, 17)
(50, 88, 8)
(50, 85, 12)
(50, 52, 12)
(50, 97, 8)
(50, 91, 30)
(50, 79, 35)
(50, 65, 32)
(50, 71, 41)
(50, 94, 47)
(50, 78, 11)
(50, 84, 36)
(50, 76, 12)
(50, 93, 32)
(50, 68, 11)
(51, 82, 35)
(51, 99, 27)
(51, 64, 36)
(51, 98, 40)
(51, 53, 4)
(51, 67, 27)
(51, 93, 37)
(51, 56, 33)
(51, 55, 21)
(51, 84, 10)
(51, 91, 18)
(51, 69, 39)
(51, 68, 33)
(51, 90, 25)
(51, 58, 34)
(51, 62, 46)
(51, 76, 5)
(51, 81, 46)
(51, 83, 43)
(51, 75, 42)
(51, 52, 4)
(51, 80, 2)
(51, 66, 25)
(51, 86, 45)
(51, 70, 23)
(51, 89, 23)
(51, 97, 1)
(51, 85, 35)
(51, 59, 4)
(51, 77, 14)
(51, 60, 13)
(51, 74, 18)
(51, 92, 23)
(51, 88, 49)
(51, 54, 27)
(51, 57, 41)
(51, 94, 38)
(51, 65, 42)
(51, 87, 27)
(51, 71, 17)
(51, 73, 24)
(51, 61, 27)
(51, 72, 36)
(51, 78, 24)
(51, 79, 9)
(51, 96, 4)
(51, 63, 19)
(51, 95, 19)
(52, 63, 28)
(52, 83, 30)
(52, 90, 26)
(52, 78, 32)
(52, 68, 48)
(52, 96, 49)
(52, 70, 31)
(52, 94, 28)
(52, 81, 7)
(52, 80, 20)
(52, 93, 38)
(52, 75, 49)
(52, 71, 49)
(52, 98, 43)
(52, 88, 37)
(52, 67, 37)
(52, 82, 38)
(52, 85, 4)
(52, 56, 42)
(52, 69, 6)
(52, 84, 41)
(52, 77, 11)
(52, 57, 16)
(52, 58, 5)
(52, 79, 25)
(52, 99, 24)
(52, 61, 2)
(52, 53, 30)
(52, 76, 44)
(52, 65, 1)
(52, 74, 21)
(52, 72, 24)
(52, 91, 29)
(52, 95, 31)
(52, 87, 46)
(52, 86, 49)
(52, 54, 50)
(52, 73, 12)
(52, 97, 28)
(52, 59, 31)
(52, 89, 47)
(52, 62, 33)
(52, 55, 9)
(52, 60, 6)
(52, 92, 44)
(52, 66, 30)
(52, 64, 22)
(53, 87, 23)
(53, 81, 31)
(53, 89, 47)
(53, 99, 17)
(53, 79, 10)
(53, 86, 44)
(53, 80, 33)
(53, 59, 45)
(53, 60, 9)
(53, 75, 10)
(53, 66, 15)
(53, 68, 16)
(53, 95, 26)
(53, 91, 4)
(53, 88, 4)
(53, 61, 50)
(53, 83, 2)
(53, 55, 21)
(53, 82, 19)
(53, 98, 37)
(53, 70, 18)
(53, 93, 1)
(53, 76, 29)
(53, 92, 11)
(53, 77, 22)
(53, 62, 27)
(53, 74, 34)
(53, 54, 45)
(53, 94, 29)
(53, 71, 35)
(53, 67, 41)
(53, 72, 43)
(53, 63, 41)
(53, 69, 17)
(53, 96, 17)
(53, 84, 36)
(53, 56, 29)
(53, 97, 25)
(53, 90, 34)
(53, 85, 33)
(53, 65, 34)
(53, 73, 4)
(53, 64, 24)
(53, 58, 28)
(53, 57, 24)
(53, 78, 8)
(54, 68, 9)
(54, 93, 28)
(54, 63, 46)
(54, 56, 25)
(54, 74, 10)
(54, 80, 48)
(54, 97, 9)
(54, 96, 5)
(54, 94, 26)
(54, 78, 1)
(54, 72, 11)
(54, 76, 33)
(54, 86, 6)
(54, 55, 30)
(54, 85, 5)
(54, 92, 29)
(54, 83, 22)
(54, 75, 3)
(54, 70, 10)
(54, 59, 31)
(54, 66, 32)
(54, 64, 23)
(54, 95, 32)
(54, 77, 20)
(54, 98, 16)
(54, 58, 25)
(54, 62, 29)
(54, 79, 27)
(54, 69, 24)
(54, 65, 33)
(54, 89, 21)
(54, 82, 31)
(54, 67, 48)
(54, 90, 32)
(54, 60, 23)
(54, 84, 26)
(54, 87, 25)
(54, 71, 35)
(54, 91, 6)
(54, 81, 39)
(54, 88, 11)
(54, 57, 39)
(54, 99, 37)
(54, 61, 6)
(54, 73, 10)
(55, 64, 13)
(55, 84, 10)
(55, 83, 42)
(55, 85, 50)
(55, 57, 36)
(55, 69, 38)
(55, 88, 12)
(55, 92, 44)
(55, 70, 50)
(55, 98, 17)
(55, 61, 28)
(55, 90, 47)
(55, 59, 44)
(55, 77, 35)
(55, 76, 11)
(55, 78, 40)
(55, 72, 19)
(55, 66, 45)
(55, 86, 2)
(55, 93, 7)
(55, 87, 44)
(55, 80, 30)
(55, 99, 49)
(55, 89, 6)
(55, 67, 15)
(55, 63, 50)
(55, 79, 18)
(55, 56, 16)
(55, 81, 39)
(55, 94, 41)
(55, 96, 14)
(55, 73, 1)
(55, 82, 4)
(55, 75, 37)
(55, 65, 18)
(55, 95, 21)
(55, 62, 7)
(55, 71, 49)
(55, 60, 44)
(55, 58, 28)
(55, 91, 36)
(55, 68, 33)
(55, 97, 32)
(55, 74, 22)
(56, 96, 20)
(56, 57, 46)
(56, 60, 25)
(56, 79, 19)
(56, 80, 45)
(56, 82, 43)
(56, 91, 19)
(56, 61, 43)
(56, 89, 16)
(56, 74, 28)
(56, 65, 50)
(56, 71, 34)
(56, 94, 18)
(56, 81, 8)
(56, 93, 20)
(56, 73, 4)
(56, 62, 10)
(56, 77, 18)
(56, 58, 26)
(56, 78, 49)
(56, 67, 1)
(56, 92, 15)
(56, 59, 24)
(56, 76, 35)
(56, 86, 8)
(56, 64, 50)
(56, 63, 33)
(56, 68, 38)
(56, 99, 8)
(56, 66, 6)
(56, 83, 43)
(56, 97, 30)
(56, 70, 46)
(56, 84, 49)
(56, 72, 7)
(56, 85, 20)
(56, 75, 26)
(56, 69, 25)
(56, 95, 48)
(56, 98, 42)
(56, 90, 20)
(56, 87, 7)
(56, 88, 40)
(57, 63, 20)
(57, 75, 16)
(57, 66, 5)
(57, 90, 29)
(57, 98, 50)
(57, 70, 28)
(57, 62, 22)
(57, 59, 45)
(57, 91, 27)
(57, 71, 39)
(57, 72, 26)
(57, 79, 29)
(57, 82, 47)
(57, 87, 29)
(57, 81, 12)
(57, 67, 12)
(57, 74, 49)
(57, 97, 47)
(57, 83, 27)
(57, 65, 20)
(57, 85, 10)
(57, 58, 46)
(57, 60, 49)
(57, 95, 31)
(57, 64, 27)
(57, 77, 5)
(57, 73, 49)
(57, 99, 29)
(57, 92, 21)
(57, 96, 24)
(57, 80, 25)
(57, 76, 34)
(57, 93, 27)
(57, 89, 17)
(57, 61, 33)
(57, 86, 19)
(57, 69, 34)
(57, 88, 11)
(57, 68, 47)
(57, 94, 26)
(57, 78, 19)
(57, 84, 39)
(58, 97, 4)
(58, 91, 19)
(58, 89, 26)
(58, 81, 3)
(58, 63, 37)
(58, 78, 20)
(58, 83, 42)
(58, 68, 17)
(58, 95, 16)
(58, 69, 22)
(58, 64, 27)
(58, 73, 11)
(58, 60, 31)
(58, 65, 29)
(58, 62, 45)
(58, 76, 50)
(58, 71, 24)
(58, 77, 45)
(58, 67, 27)
(58, 66, 8)
(58, 82, 38)
(58, 70, 2)
(58, 92, 50)
(58, 87, 2)
(58, 93, 6)
(58, 86, 16)
(58, 72, 2)
(58, 96, 16)
(58, 94, 48)
(58, 98, 50)
(58, 61, 23)
(58, 85, 31)
(58, 75, 18)
(58, 99, 50)
(58, 79, 23)
(58, 80, 10)
(58, 84, 20)
(58, 90, 44)
(58, 74, 14)
(58, 88, 12)
(58, 59, 5)
(59, 95, 42)
(59, 65, 5)
(59, 90, 8)
(59, 82, 44)
(59, 77, 45)
(59, 72, 4)
(59, 63, 37)
(59, 96, 39)
(59, 88, 33)
(59, 71, 16)
(59, 92, 48)
(59, 70, 48)
(59, 87, 12)
(59, 73, 38)
(59, 98, 35)
(59, 60, 11)
(59, 85, 7)
(59, 99, 46)
(59, 89, 33)
(59, 61, 47)
(59, 68, 45)
(59, 75, 3)
(59, 69, 26)
(59, 86, 2)
(59, 93, 23)
(59, 94, 17)
(59, 64, 10)
(59, 78, 14)
(59, 83, 45)
(59, 74, 40)
(59, 80, 50)
(59, 91, 34)
(59, 62, 28)
(59, 76, 33)
(59, 66, 24)
(59, 84, 30)
(59, 67, 15)
(59, 81, 34)
(59, 97, 20)
(59, 79, 4)
(60, 95, 50)
(60, 68, 50)
(60, 85, 45)
(60, 81, 10)
(60, 63, 43)
(60, 96, 30)
(60, 83, 48)
(60, 90, 17)
(60, 66, 24)
(60, 71, 37)
(60, 82, 48)
(60, 88, 46)
(60, 86, 23)
(60, 78, 37)
(60, 73, 28)
(60, 97, 49)
(60, 74, 5)
(60, 79, 9)
(60, 94, 35)
(60, 76, 28)
(60, 69, 48)
(60, 91, 22)
(60, 65, 22)
(60, 67, 24)
(60, 99, 29)
(60, 75, 20)
(60, 98, 12)
(60, 84, 2)
(60, 72, 14)
(60, 62, 13)
(60, 80, 42)
(60, 61, 41)
(60, 89, 42)
(60, 77, 18)
(60, 93, 39)
(60, 92, 3)
(60, 70, 31)
(60, 87, 12)
(60, 64, 45)
(61, 76, 3)
(61, 97, 43)
(61, 78, 49)
(61, 86, 29)
(61, 74, 1)
(61, 62, 13)
(61, 93, 23)
(61, 92, 20)
(61, 65, 49)
(61, 71, 13)
(61, 69, 46)
(61, 68, 20)
(61, 66, 41)
(61, 72, 36)
(61, 83, 27)
(61, 88, 6)
(61, 98, 4)
(61, 77, 34)
(61, 67, 25)
(61, 70, 14)
(61, 63, 10)
(61, 95, 24)
(61, 99, 24)
(61, 87, 46)
(61, 84, 22)
(61, 85, 46)
(61, 82, 49)
(61, 90, 32)
(61, 75, 28)
(61, 81, 23)
(61, 96, 10)
(61, 64, 44)
(61, 91, 33)
(61, 73, 35)
(61, 89, 38)
(61, 94, 36)
(61, 80, 3)
(61, 79, 45)
(62, 82, 3)
(62, 66, 44)
(62, 96, 22)
(62, 83, 49)
(62, 92, 50)
(62, 88, 33)
(62, 79, 30)
(62, 72, 13)
(62, 81, 43)
(62, 94, 44)
(62, 86, 18)
(62, 95, 36)
(62, 71, 14)
(62, 65, 19)
(62, 78, 35)
(62, 68, 38)
(62, 99, 47)
(62, 90, 9)
(62, 74, 5)
(62, 93, 28)
(62, 69, 4)
(62, 63, 46)
(62, 76, 42)
(62, 75, 18)
(62, 89, 15)
(62, 73, 43)
(62, 67, 6)
(62, 97, 14)
(62, 84, 7)
(62, 87, 21)
(62, 98, 44)
(62, 77, 35)
(62, 85, 25)
(62, 91, 21)
(62, 70, 32)
(62, 64, 10)
(62, 80, 38)
(63, 79, 33)
(63, 85, 12)
(63, 82, 31)
(63, 86, 15)
(63, 90, 2)
(63, 75, 10)
(63, 78, 9)
(63, 67, 37)
(63, 83, 40)
(63, 64, 23)
(63, 68, 42)
(63, 71, 7)
(63, 74, 6)
(63, 98, 37)
(63, 99, 50)
(63, 93, 31)
(63, 97, 36)
(63, 73, 18)
(63, 69, 9)
(63, 92, 44)
(63, 87, 37)
(63, 72, 42)
(63, 76, 2)
(63, 91, 39)
(63, 95, 2)
(63, 80, 16)
(63, 70, 6)
(63, 66, 48)
(63, 89, 1)
(63, 81, 22)
(63, 77, 38)
(63, 94, 41)
(63, 84, 19)
(63, 96, 23)
(63, 65, 22)
(63, 88, 41)
(64, 76, 44)
(64, 83, 14)
(64, 70, 32)
(64, 72, 37)
(64, 65, 32)
(64, 92, 45)
(64, 85, 22)
(64, 66, 14)
(64, 99, 12)
(64, 73, 50)
(64, 67, 3)
(64, 97, 38)
(64, 84, 38)
(64, 71, 10)
(64, 90, 13)
(64, 87, 7)
(64, 93, 23)
(64, 79, 1)
(64, 75, 36)
(64, 82, 23)
(64, 95, 48)
(64, 77, 21)
(64, 68, 30)
(64, 98, 39)
(64, 89, 15)
(64, 78, 5)
(64, 94, 45)
(64, 81, 40)
(64, 74, 45)
(64, 80, 32)
(64, 69, 33)
(64, 88, 36)
(64, 96, 5)
(64, 86, 5)
(64, 91, 37)
(65, 77, 17)
(65, 71, 35)
(65, 75, 23)
(65, 98, 11)
(65, 86, 28)
(65, 96, 16)
(65, 76, 9)
(65, 72, 26)
(65, 92, 25)
(65, 89, 30)
(65, 67, 24)
(65, 94, 7)
(65, 74, 36)
(65, 81, 5)
(65, 93, 5)
(65, 79, 30)
(65, 95, 2)
(65, 78, 43)
(65, 70, 1)
(65, 66, 9)
(65, 97, 21)
(65, 90, 43)
(65, 84, 11)
(65, 91, 46)
(65, 68, 29)
(65, 88, 15)
(65, 99, 9)
(65, 73, 21)
(65, 69, 45)
(65, 82, 27)
(65, 85, 22)
(65, 87, 5)
(65, 83, 25)
(65, 80, 16)
(66, 88, 24)
(66, 80, 39)
(66, 74, 31)
(66, 98, 9)
(66, 67, 14)
(66, 72, 28)
(66, 76, 18)
(66, 89, 11)
(66, 99, 23)
(66, 77, 17)
(66, 96, 13)
(66, 87, 5)
(66, 82, 3)
(66, 75, 45)
(66, 94, 34)
(66, 84, 44)
(66, 97, 48)
(66, 85, 35)
(66, 79, 30)
(66, 70, 8)
(66, 83, 8)
(66, 91, 35)
(66, 81, 41)
(66, 78, 15)
(66, 73, 19)
(66, 95, 23)
(66, 86, 20)
(66, 90, 20)
(66, 68, 35)
(66, 93, 34)
(66, 92, 21)
(66, 71, 32)
(66, 69, 19)
(67, 89, 30)
(67, 79, 1)
(67, 71, 5)
(67, 75, 27)
(67, 69, 29)
(67, 95, 9)
(67, 70, 13)
(67, 97, 35)
(67, 76, 38)
(67, 82, 31)
(67, 74, 34)
(67, 94, 17)
(67, 78, 9)
(67, 83, 4)
(67, 77, 12)
(67, 88, 46)
(67, 91, 29)
(67, 72, 25)
(67, 86, 14)
(67, 73, 22)
(67, 68, 29)
(67, 87, 22)
(67, 96, 3)
(67, 84, 31)
(67, 98, 28)
(67, 85, 3)
(67, 81, 1)
(67, 99, 44)
(67, 80, 14)
(67, 90, 46)
(67, 93, 31)
(67, 92, 22)
(68, 89, 24)
(68, 79, 43)
(68, 91, 2)
(68, 87, 38)
(68, 72, 1)
(68, 97, 20)
(68, 95, 16)
(68, 74, 13)
(68, 73, 8)
(68, 88, 27)
(68, 81, 17)
(68, 69, 27)
(68, 82, 11)
(68, 80, 2)
(68, 77, 12)
(68, 71, 26)
(68, 70, 40)
(68, 98, 10)
(68, 94, 30)
(68, 83, 45)
(68, 99, 50)
(68, 85, 18)
(68, 96, 49)
(68, 93, 30)
(68, 90, 46)
(68, 92, 30)
(68, 76, 43)
(68, 86, 36)
(68, 84, 40)
(68, 78, 23)
(68, 75, 8)
(69, 88, 13)
(69, 84, 4)
(69, 85, 17)
(69, 75, 5)
(69, 82, 15)
(69, 93, 7)
(69, 77, 37)
(69, 83, 4)
(69, 86, 11)
(69, 90, 5)
(69, 97, 10)
(69, 72, 16)
(69, 99, 33)
(69, 91, 18)
(69, 94, 18)
(69, 96, 31)
(69, 89, 12)
(69, 79, 17)
(69, 78, 22)
(69, 80, 2)
(69, 74, 14)
(69, 73, 34)
(69, 98, 9)
(69, 87, 21)
(69, 71, 15)
(69, 76, 10)
(69, 81, 26)
(69, 70, 39)
(69, 95, 48)
(69, 92, 38)
(70, 85, 45)
(70, 96, 8)
(70, 93, 3)
(70, 72, 17)
(70, 75, 30)
(70, 74, 20)
(70, 81, 48)
(70, 88, 41)
(70, 91, 12)
(70, 71, 13)
(70, 78, 2)
(70, 84, 33)
(70, 73, 32)
(70, 82, 48)
(70, 77, 10)
(70, 98, 17)
(70, 97, 6)
(70, 94, 11)
(70, 95, 17)
(70, 83, 29)
(70, 79, 39)
(70, 99, 46)
(70, 89, 27)
(70, 86, 20)
(70, 87, 43)
(70, 90, 21)
(70, 80, 32)
(70, 92, 46)
(70, 76, 27)
(71, 72, 6)
(71, 95, 13)
(71, 84, 23)
(71, 96, 45)
(71, 99, 28)
(71, 92, 47)
(71, 85, 29)
(71, 76, 24)
(71, 87, 15)
(71, 89, 4)
(71, 80, 33)
(71, 86, 43)
(71, 81, 48)
(71, 78, 24)
(71, 97, 9)
(71, 93, 50)
(71, 75, 44)
(71, 77, 38)
(71, 79, 13)
(71, 88, 37)
(71, 82, 7)
(71, 98, 32)
(71, 74, 33)
(71, 83, 35)
(71, 91, 33)
(71, 73, 6)
(71, 90, 43)
(71, 94, 31)
(72, 73, 23)
(72, 89, 44)
(72, 75, 30)
(72, 98, 46)
(72, 86, 42)
(72, 74, 26)
(72, 88, 13)
(72, 96, 17)
(72, 85, 4)
(72, 82, 13)
(72, 81, 39)
(72, 78, 25)
(72, 84, 9)
(72, 87, 37)
(72, 91, 11)
(72, 83, 33)
(72, 93, 21)
(72, 80, 50)
(72, 77, 50)
(72, 95, 38)
(72, 79, 44)
(72, 76, 33)
(72, 94, 25)
(72, 97, 30)
(72, 92, 20)
(72, 99, 23)
(72, 90, 26)
(73, 78, 5)
(73, 94, 10)
(73, 74, 30)
(73, 79, 8)
(73, 76, 1)
(73, 80, 13)
(73, 99, 29)
(73, 93, 37)
(73, 88, 47)
(73, 84, 20)
(73, 96, 26)
(73, 97, 1)
(73, 95, 3)
(73, 83, 5)
(73, 98, 1)
(73, 86, 5)
(73, 89, 49)
(73, 82, 21)
(73, 90, 36)
(73, 77, 16)
(73, 91, 35)
(73, 87, 24)
(73, 92, 31)
(73, 81, 1)
(73, 75, 4)
(73, 85, 5)
(74, 95, 31)
(74, 99, 24)
(74, 85, 22)
(74, 86, 44)
(74, 82, 35)
(74, 76, 42)
(74, 83, 8)
(74, 89, 2)
(74, 84, 8)
(74, 93, 42)
(74, 75, 15)
(74, 87, 42)
(74, 97, 50)
(74, 77, 37)
(74, 88, 44)
(74, 81, 43)
(74, 92, 5)
(74, 78, 34)
(74, 96, 36)
(74, 91, 7)
(74, 98, 34)
(74, 94, 10)
(74, 90, 23)
(74, 80, 23)
(74, 79, 31)
(75, 96, 25)
(75, 85, 18)
(75, 90, 10)
(75, 88, 46)
(75, 99, 13)
(75, 79, 1)
(75, 78, 3)
(75, 83, 30)
(75, 80, 36)
(75, 84, 38)
(75, 86, 21)
(75, 93, 2)
(75, 77, 35)
(75, 92, 17)
(75, 89, 39)
(75, 82, 5)
(75, 81, 22)
(75, 87, 3)
(75, 76, 49)
(75, 95, 17)
(75, 97, 13)
(75, 94, 13)
(75, 91, 46)
(75, 98, 49)
(76, 99, 7)
(76, 84, 17)
(76, 92, 31)
(76, 97, 5)
(76, 77, 3)
(76, 88, 38)
(76, 89, 16)
(76, 80, 18)
(76, 96, 17)
(76, 90, 25)
(76, 85, 27)
(76, 91, 26)
(76, 82, 46)
(76, 87, 29)
(76, 86, 5)
(76, 83, 10)
(76, 78, 1)
(76, 81, 13)
(76, 95, 1)
(76, 93, 24)
(76, 79, 10)
(76, 94, 49)
(76, 98, 37)
(77, 91, 8)
(77, 80, 31)
(77, 94, 30)
(77, 99, 15)
(77, 97, 46)
(77, 85, 40)
(77, 90, 28)
(77, 84, 3)
(77, 92, 1)
(77, 87, 13)
(77, 78, 25)
(77, 82, 45)
(77, 79, 16)
(77, 83, 7)
(77, 89, 32)
(77, 96, 19)
(77, 86, 7)
(77, 95, 33)
(77, 93, 28)
(77, 88, 46)
(77, 98, 27)
(77, 81, 19)
(78, 98, 32)
(78, 88, 50)
(78, 85, 23)
(78, 96, 3)
(78, 94, 12)
(78, 91, 33)
(78, 89, 36)
(78, 81, 15)
(78, 82, 37)
(78, 95, 47)
(78, 93, 43)
(78, 97, 25)
(78, 87, 3)
(78, 84, 25)
(78, 79, 35)
(78, 80, 23)
(78, 86, 43)
(78, 92, 41)
(78, 90, 23)
(78, 83, 11)
(78, 99, 32)
(79, 85, 10)
(79, 84, 4)
(79, 98, 25)
(79, 90, 37)
(79, 95, 46)
(79, 89, 31)
(79, 83, 45)
(79, 86, 42)
(79, 81, 24)
(79, 87, 13)
(79, 93, 6)
(79, 96, 13)
(79, 92, 32)
(79, 80, 9)
(79, 91, 3)
(79, 99, 29)
(79, 88, 19)
(79, 82, 24)
(79, 97, 20)
(79, 94, 18)
(80, 89, 48)
(80, 92, 39)
(80, 91, 35)
(80, 85, 6)
(80, 94, 25)
(80, 83, 39)
(80, 90, 20)
(80, 88, 2)
(80, 95, 8)
(80, 93, 25)
(80, 87, 9)
(80, 81, 1)
(80, 96, 30)
(80, 86, 14)
(80, 98, 46)
(80, 99, 28)
(80, 84, 44)
(80, 82, 31)
(80, 97, 28)
(81, 99, 18)
(81, 82, 26)
(81, 93, 14)
(81, 96, 28)
(81, 87, 24)
(81, 89, 42)
(81, 90, 41)
(81, 94, 17)
(81, 91, 8)
(81, 86, 46)
(81, 84, 6)
(81, 95, 26)
(81, 88, 21)
(81, 97, 1)
(81, 98, 18)
(81, 85, 12)
(81, 92, 41)
(81, 83, 48)
(82, 99, 8)
(82, 87, 1)
(82, 86, 13)
(82, 97, 46)
(82, 84, 31)
(82, 92, 44)
(82, 93, 40)
(82, 98, 32)
(82, 85, 5)
(82, 94, 38)
(82, 91, 36)
(82, 83, 17)
(82, 89, 31)
(82, 95, 8)
(82, 90, 24)
(82, 88, 16)
(82, 96, 38)
(83, 97, 33)
(83, 84, 24)
(83, 94, 15)
(83, 95, 44)
(83, 93, 46)
(83, 99, 23)
(83, 91, 37)
(83, 89, 32)
(83, 87, 22)
(83, 85, 17)
(83, 96, 28)
(83, 86, 48)
(83, 90, 12)
(83, 88, 12)
(83, 98, 48)
(83, 92, 48)
(84, 92, 23)
(84, 88, 11)
(84, 90, 45)
(84, 87, 2)
(84, 86, 41)
(84, 96, 29)
(84, 93, 43)
(84, 85, 42)
(84, 98, 39)
(84, 94, 17)
(84, 89, 14)
(84, 97, 44)
(84, 99, 5)
(84, 95, 41)
(84, 91, 9)
(85, 97, 20)
(85, 93, 32)
(85, 94, 20)
(85, 89, 39)
(85, 96, 20)
(85, 90, 13)
(85, 95, 14)
(85, 98, 33)
(85, 86, 32)
(85, 92, 9)
(85, 91, 15)
(85, 87, 2)
(85, 88, 18)
(85, 99, 24)
(86, 93, 31)
(86, 87, 35)
(86, 98, 14)
(86, 94, 43)
(86, 89, 13)
(86, 99, 20)
(86, 96, 33)
(86, 95, 46)
(86, 88, 21)
(86, 91, 14)
(86, 90, 18)
(86, 97, 28)
(86, 92, 24)
(87, 97, 5)
(87, 96, 29)
(87, 93, 33)
(87, 95, 29)
(87, 90, 47)
(87, 98, 47)
(87, 91, 5)
(87, 94, 7)
(87, 89, 26)
(87, 88, 31)
(87, 92, 30)
(87, 99, 6)
(88, 93, 2)
(88, 90, 6)
(88, 96, 44)
(88, 91, 28)
(88, 94, 4)
(88, 95, 32)
(88, 97, 14)
(88, 98, 21)
(88, 92, 12)
(88, 89, 33)
(88, 99, 7)
(89, 90, 50)
(89, 99, 14)
(89, 97, 11)
(89, 93, 31)
(89, 92, 28)
(89, 98, 40)
(89, 94, 20)
(89, 91, 48)
(89, 95, 4)
(89, 96, 14)
(90, 91, 31)
(90, 98, 32)
(90, 95, 24)
(90, 96, 11)
(90, 93, 18)
(90, 94, 5)
(90, 99, 23)
(90, 92, 33)
(90, 97, 24)
(91, 99, 20)
(91, 98, 14)
(91, 95, 28)
(91, 93, 8)
(91, 97, 6)
(91, 94, 46)
(91, 96, 42)
(91, 92, 34)
(92, 93, 23)
(92, 97, 1)
(92, 94, 44)
(92, 99, 46)
(92, 96, 49)
(92, 95, 26)
(92, 98, 45)
(93, 99, 32)
(93, 96, 4)
(93, 94, 48)
(93, 95, 49)
(93, 98, 25)
(93, 97, 3)
(94, 95, 2)
(94, 99, 12)
(94, 97, 27)
(94, 96, 48)
(94, 98, 36)
(95, 96, 11)
(95, 98, 24)
(95, 99, 50)
(95, 97, 47)
(96, 98, 42)
(96, 97, 27)
(96, 99, 24)
(97, 99, 7)
(97, 98, 17)
(98, 99, 50)
